1,Fernando Abad,26,HOU,37,7,7,0,1,0,0,0,0,0,0,0,3,.143,.143,.143,.286,-21,1,1,0,0,0,0,1
2,Bobby Abreu,38,LAD,92,230,195,28,48,8,1,3,19,6,2,35,51,.246,.361,.344,.704,97,67,6,0,0,0,3,7/D9
3,Manny Acosta,31,NYM,45,0,0,0,0,0,0,0,0,0,0,0,0,,,,,,0,0,0,0,0,0,1
4,Matt Adams,23,STL,27,91,86,8,21,6,0,2,13,0,0,5,24,.244,.286,.384,.669,82,33,3,0,0,0,0,3
5,Jeremy Affeldt,33,SFG,67,1,1,0,0,0,0,0,0,0,0,0,0,.000,.000,.000,.000,-100,0,0,0,0,0,0,1
6,Jonathan Albaladejo,29,ARI,3,0,0,0,0,0,0,0,0,0,0,0,0,,,,,,0,0,0,0,0,0,/1
7,Matt Albers,29,ARI,23,0,0,0,0,0,0,0,0,0,0,0,0,,,,,,0,0,0,0,0,0,1
8,Yonder Alonso,25,SDP,155,619,549,47,150,39,0,9,62,3,0,62,101,.273,.348,.393,.741,109,216,14,3,1,4,9,3
9,Jose Altuve,22,HOU,147,630,576,80,167,34,4,7,37,33,11,40,74,.290,.340,.399,.740,102,230,8,6,4,4,0,4
10,Pedro Alvarez,25,PIT,149,586,525,64,128,25,1,30,85,1,0,57,180,.244,.317,.467,.784,117,245,10,1,0,3,6,5/D
11,Alexi Amarista,23,SDP,105,300,275,35,66,15,5,5,32,8,4,17,42,.240,.282,.385,.668,86,106,2,0,6,2,1,4768/95
12,Hector Ambriz,28,HOU,18,0,0,0,0,0,0,0,0,0,0,0,0,,,,,,0,0,0,0,0,0,1
13,Bryan Anderson,25,STL,10,14,12,2,3,1,0,0,0,1,0,1,6,.250,.357,.333,.690,92,4,0,1,0,0,0,/23
14,Rick Ankiel,32,WSN,68,171,158,15,36,10,2,5,15,1,3,12,59,.228,.282,.411,.694,86,65,3,0,1,0,3,8
15,Norichika Aoki,30,MIL,151,588,520,81,150,37,4,10,50,30,8,43,55,.288,.355,.433,.787,110,225,6,13,7,5,1,987
16,Joaquin Arias,27,SFG,112,344,319,30,86,13,5,5,34,5,1,13,44,.270,.304,.389,.693,97,124,12,5,2,5,4,56/4
17,Jose Arredondo,28,CIN,66,0,0,0,0,0,0,0,0,0,0,0,0,,,,,,0,0,0,0,0,0,1
18,Bronson Arroyo,35,CIN,32,71,63,4,9,1,0,1,3,0,0,1,28,.143,.154,.206,.360,-6,13,1,0,6,1,0,1
19,Jairo Asencio,28,CHC,12,0,0,0,0,0,0,0,0,0,0,0,0,,,,,,0,0,0,0,0,0,1
20,Phillippe Aumont,23,PHI,18,0,0,0,0,0,0,0,0,0,0,0,0,,,,,,0,0,0,0,0,0,1
21,Luis Avilan,22,ATL,31,3,3,0,1,0,0,0,0,0,0,0,0,.333,.333,.333,.667,81,1,0,0,0,0,0,1
22,John Axford,29,MIL,75,1,1,0,0,0,0,0,0,0,0,0,1,.000,.000,.000,.000,-100,0,0,0,0,0,0,1
23,Homer Bailey,26,CIN,34,76,70,1,8,1,0,0,5,0,0,1,29,.114,.127,.129,.255,-32,9,3,0,5,0,0,1
24,Jeff Baker,31,TOT,68,164,153,17,38,10,1,4,21,4,1,9,38,.248,.287,.405,.692,87,62,4,0,0,2,1,39/47
25,Jeff Baker,31,CHC,54,144,134,16,36,10,1,4,20,4,1,8,28,.269,.306,.448,.753,104,60,4,0,0,2,0,39/47
Rk,,Age,Tm,G,PA,AB,R,H,2B,3B,HR,RBI,SB,CS,BB,SO,BA,OBP,SLG,OPS,OPS+,TB,GDP,HBP,SH,SF,IBB,Pos Summary
26,Jeff Baker,31,ATL,14,20,19,1,2,0,0,0,1,0,0,1,10,.105,.150,.105,.255,-29,2,0,0,0,0,1,/749
27,John Baker,31,SDP,63,214,193,17,46,8,0,0,14,2,1,20,41,.238,.310,.280,.590,68,54,4,0,1,0,2,2
28,Rod Barajas,36,PIT,104,361,321,29,66,11,0,11,31,0,0,29,69,.206,.283,.343,.625,75,110,4,7,0,4,5,2/3
29,Clint Barmes,33,PIT,144,493,455,34,104,16,1,8,45,0,2,20,106,.229,.272,.321,.593,66,146,9,8,8,2,3,6/3
30,Brandon Barnes,26,HOU,43,105,98,8,20,3,0,1,7,1,1,5,29,.204,.250,.265,.515,41,26,1,1,1,0,0,8/97
31,Darwin Barney,26,CHC,156,588,548,73,139,26,4,7,44,6,1,33,58,.254,.299,.354,.653,79,194,11,3,3,1,1,4/6
32,Jason Bartlett,32,SDP,29,98,83,8,11,5,0,0,4,0,0,12,27,.133,.240,.193,.432,24,16,6,0,2,1,0,6
33,Anthony Bass,24,SDP,25,31,31,3,4,0,1,0,5,1,0,0,13,.129,.129,.194,.323,-11,6,0,0,0,0,0,1
34,Antonio Bastardo,26,PHI,65,0,0,0,0,0,0,0,0,0,0,0,0,,,,,,0,0,0,0,0,0,1
35,Miguel Batista,41,TOT,35,7,6,0,0,0,0,0,0,0,0,0,4,.000,.000,.000,.000,-100,0,0,0,1,0,0,1
36,Miguel Batista,41,NYM,30,7,6,0,0,0,0,0,0,0,0,0,4,.000,.000,.000,.000,-100,0,0,0,1,0,0,1
37,Miguel Batista,41,ATL,5,0,0,0,0,0,0,0,0,0,0,0,0,,,,,,0,0,0,0,0,0,/1
38,Trevor Bauer,21,ARI,4,5,4,0,0,0,0,0,0,0,0,0,1,.000,.000,.000,.000,-100,0,0,0,1,0,0,/1
39,Mike Baxter,27,NYM,89,211,179,26,47,14,2,3,17,5,3,25,45,.263,.365,.413,.778,115,74,0,5,0,2,4,97/8D
40,Jason Bay,33,NYM,70,215,194,21,32,2,0,8,20,5,1,19,58,.165,.237,.299,.536,47,58,3,0,0,2,0,7
41,Brandon Beachy,25,ATL,14,31,27,3,5,1,0,0,4,0,0,2,17,.185,.241,.222,.464,27,6,0,0,2,0,0,1
42,Pedro Beato,25,NYM,7,0,0,0,0,0,0,0,0,0,0,0,0,,,,,,0,0,0,0,0,0,/1
43,Josh Beckett,32,LAD,7,17,16,0,0,0,0,0,0,0,0,0,9,.000,.000,.000,.000,-100,0,0,0,1,0,0,/1
44,Erik Bedard,33,PIT,24,44,37,2,4,1,0,0,0,0,0,1,14,.108,.132,.135,.267,-25,5,0,0,6,0,0,1
45,Ronald Belisario,29,LAD,68,0,0,0,0,0,0,0,0,0,0,0,0,,,,,,0,0,0,0,0,0,1
46,Matt Belisle,32,COL,80,3,3,0,0,0,0,0,0,0,0,0,1,.000,.000,.000,.000,-100,0,0,0,0,0,0,1
47,Jeff Beliveau,25,CHC,22,0,0,0,0,0,0,0,0,0,0,0,0,,,,,,0,0,0,0,0,0,1
48,Heath Bell,34,MIA,73,0,0,0,0,0,0,0,0,0,0,0,0,,,,,,0,0,0,0,0,0,1
49,Josh Bell#,25,ARI,21,56,52,3,9,2,0,1,4,0,0,4,14,.173,.232,.269,.501,33,14,3,0,0,0,1,5
50,Brandon Belt,24,SFG,145,472,411,47,113,27,6,7,56,12,2,54,106,.275,.360,.421,.781,124,173,2,3,0,4,5,3/7
Rk,,Age,Tm,G,PA,AB,R,H,2B,3B,HR,RBI,SB,CS,BB,SO,BA,OBP,SLG,OPS,OPS+,TB,GDP,HBP,SH,SF,IBB,Pos Summary
51,Carlos Beltran#,35,STL,151,619,547,83,147,26,1,32,97,13,6,65,124,.269,.346,.495,.842,128,271,9,2,1,4,15,9/8D
52,Brad Bergesen,26,ARI,19,2,1,0,0,0,0,0,0,0,0,0,0,.000,.000,.000,.000,-100,0,0,0,1,0,0,1
53,Jason Berken,28,CHC,4,5,5,0,0,0,0,0,0,0,0,0,1,.000,.000,.000,.000,-100,0,0,0,0,0,0,/1
54,Lance Berkman#,36,STL,32,97,81,12,21,7,1,2,7,2,0,14,19,.259,.381,.444,.826,126,36,3,2,0,0,3,3
55,Roger Bernadina,28,WSN,129,261,227,25,66,11,0,5,25,15,3,28,53,.291,.372,.405,.777,112,92,2,2,3,1,3,78/9
56,Rafael Betancourt,37,COL,60,0,0,0,0,0,0,0,0,0,0,0,0,,,,,,0,0,0,0,0,0,1
57,Jeff Bianchi,25,MIL,33,76,69,8,13,2,0,3,9,0,0,4,13,.188,.230,.348,.578,52,24,1,0,2,1,0,6/54
58,Chad Billingsley,27,LAD,25,48,42,1,8,1,0,0,2,0,0,0,18,.190,.186,.214,.400,11,9,0,0,5,1,0,1
59,Brian Bixler,29,HOU,36,96,88,11,17,6,0,2,7,3,0,7,36,.193,.253,.330,.582,58,29,0,0,1,0,0,/96457
60,Travis Blackley,29,SFG,4,0,0,0,0,0,0,0,0,0,0,0,0,,,,,,0,0,0,0,0,0,/1
61,Charlie Blackmon,25,COL,42,121,113,15,32,8,0,2,9,1,2,4,17,.283,.325,.407,.732,83,46,4,3,1,0,0,97/8
62,Gregor Blanco,28,SFG,141,453,393,56,96,14,5,5,34,26,6,51,104,.244,.333,.344,.676,95,135,0,2,5,2,2,978/D
63,Henry Blanco,40,ARI,21,67,64,6,12,3,0,1,7,1,0,3,18,.188,.224,.281,.505,33,18,1,0,0,0,0,2
64,Kyle Blanks,25,SDP,4,6,5,0,1,0,0,0,0,0,0,1,2,.200,.333,.200,.533,56,1,0,0,0,0,0,/37
65,Joe Blanton,31,TOT,31,66,55,0,4,0,0,0,1,0,0,3,26,.073,.136,.073,.208,-41,4,0,1,7,0,0,1
66,Joe Blanton,31,PHI,21,45,39,0,3,0,0,0,1,0,0,3,20,.077,.163,.077,.240,-32,3,0,1,2,0,0,1
67,Joe Blanton,31,LAD,10,21,16,0,1,0,0,0,0,0,0,0,6,.063,.063,.063,.125,-65,1,0,0,5,0,0,1
68,Willie Bloomquist,34,ARI,80,338,324,47,98,21,5,0,23,7,10,12,55,.302,.325,.398,.724,91,129,5,0,0,2,0,65/479
69,Geoff Blum#,39,ARI,17,31,28,1,4,0,0,0,1,0,0,2,7,.143,.194,.143,.336,-8,4,0,0,0,1,0,/5
70,Mitchell Boggs,28,STL,78,0,0,0,0,0,0,0,0,0,0,0,0,,,,,,0,0,0,0,0,0,1
71,Brian Bogusevic,28,HOU,146,404,355,39,72,9,2,7,28,15,4,41,96,.203,.297,.299,.596,64,106,6,7,0,1,1,98/71
72,Emilio Bonifacio#,27,MIA,64,274,244,30,63,3,4,1,11,30,3,25,52,.258,.330,.316,.645,77,77,3,1,4,0,1,84
73,J.C. Boscan,32,ATL,6,10,10,0,2,0,0,0,2,0,0,0,1,.200,.200,.200,.400,9,2,0,0,0,0,0,/2
74,Michael Bourn,29,ATL,155,703,624,96,171,26,10,9,57,42,13,70,155,.274,.348,.391,.739,99,244,2,3,2,4,1,8
75,Michael Bowden,25,CHC,30,2,2,0,0,0,0,0,0,0,0,0,2,.000,.000,.000,.000,-100,0,0,0,0,0,0,1
Rk,,Age,Tm,G,PA,AB,R,H,2B,3B,HR,RBI,SB,CS,BB,SO,BA,OBP,SLG,OPS,OPS+,TB,GDP,HBP,SH,SF,IBB,Pos Summary
76,Brad Boxberger,24,SDP,24,2,1,0,0,0,0,0,0,0,0,0,1,.000,.000,.000,.000,-100,0,0,0,1,0,0,1
77,Brad Brach,26,SDP,67,0,0,0,0,0,0,0,0,0,0,0,0,,,,,,0,0,0,0,0,0,1
78,Rob Brantly,22,MIA,31,113,100,14,29,8,0,3,8,1,1,13,16,.290,.372,.460,.832,125,46,1,0,0,0,2,2
79,Ryan Braun,28,MIL,154,677,598,108,191,36,3,41,112,30,7,63,128,.319,.391,.595,.987,159,356,12,11,0,5,15,7/D
80,Bill Bray,29,CIN,14,0,0,0,0,0,0,0,0,0,0,0,0,,,,,,0,0,0,0,0,0,1
81,Craig Breslow,31,ARI,40,3,3,0,0,0,0,0,0,0,0,0,2,.000,.000,.000,.000,-100,0,0,0,0,0,0,1
82,Rex Brothers,24,COL,75,3,2,0,0,0,0,0,0,0,0,0,2,.000,.000,.000,.000,-100,0,0,0,1,0,0,1
83,Andrew Brown,27,COL,46,126,112,14,26,7,0,5,11,2,2,12,34,.232,.302,.429,.730,82,48,3,0,0,2,0,97
84,Corey Brown,26,WSN,19,27,25,4,5,2,0,1,3,0,0,1,9,.200,.231,.400,.631,67,10,0,0,1,0,0,/789
85,Domonic Brown,24,PHI,56,212,187,21,44,11,2,5,26,0,0,21,34,.235,.316,.396,.712,91,74,6,2,0,2,2,97
86,Barret Browning,27,STL,22,1,1,0,0,0,0,0,0,0,0,0,0,.000,.000,.000,.000,-100,0,0,0,0,0,0,1
87,Jonathan Broxton,28,CIN,25,0,0,0,0,0,0,0,0,0,0,0,0,,,,,,0,0,0,0,0,0,1
88,Jay Bruce,25,CIN,155,633,560,89,141,35,5,34,99,9,3,62,155,.252,.327,.514,.841,118,288,5,4,0,7,11,9
89,Tyson Brummett,27,PHI,1,0,0,0,0,0,0,0,0,0,0,0,0,,,,,,0,0,0,0,0,0,/1
90,John Buck,31,MIA,106,398,343,29,66,15,1,12,41,0,0,49,103,.192,.297,.347,.644,75,119,8,3,1,2,5,2
91,Travis Buck,28,HOU,33,81,74,7,16,5,1,0,6,0,0,6,18,.216,.284,.311,.595,63,23,2,1,0,0,0,79
92,Mark Buehrle,33,MIA,31,71,67,2,3,1,0,0,1,0,0,0,29,.045,.045,.060,.104,-72,4,1,0,4,0,0,1
93,Madison Bumgarner,22,SFG,32,75,68,4,11,1,0,2,6,0,0,1,25,.162,.174,.265,.439,24,18,0,0,6,0,0,1
94,A.J. Burnett,35,PIT,31,71,63,1,4,0,0,0,2,0,0,3,36,.063,.106,.063,.170,-51,4,1,0,5,0,0,1
95,Sean Burnett,29,WSN,70,1,0,0,0,0,0,0,0,0,0,1,0,,1.000,,,,0,0,0,0,0,0,1
96,Cory Burns,24,SDP,17,1,1,0,0,0,0,0,0,0,0,0,1,.000,.000,.000,.000,-100,0,0,0,0,0,0,1
97,Emmanuel Burriss#,27,SFG,60,150,136,15,29,1,0,0,7,5,3,10,25,.213,.270,.221,.491,44,30,6,1,2,1,1,4/569
98,Marlon Byrd,34,CHC,13,47,43,1,3,0,0,0,2,0,1,3,10,.070,.149,.070,.219,-37,3,2,1,0,0,1,8
99,Tim Byrdak,38,NYM,56,0,0,0,0,0,0,0,0,0,0,0,0,,,,,,0,0,0,0,0,0,1
100,Alberto Cabrera,23,CHC,25,0,0,0,0,0,0,0,0,0,0,0,0,,,,,,0,0,0,0,0,0,1
Rk,,Age,Tm,G,PA,AB,R,H,2B,3B,HR,RBI,SB,CS,BB,SO,BA,OBP,SLG,OPS,OPS+,TB,GDP,HBP,SH,SF,IBB,Pos Summary
101,Edwar Cabrera,24,COL,2,1,1,0,0,0,0,0,0,0,0,0,1,.000,.000,.000,.000,-100,0,0,0,0,0,0,/1
102,Everth Cabrera#,25,SDP,115,449,398,49,98,19,3,2,24,44,4,43,110,.246,.324,.324,.648,84,129,3,3,5,0,2,6/45
103,Melky Cabrera#,27,SFG,113,501,459,84,159,25,10,11,60,13,5,36,63,.346,.390,.516,.906,158,237,8,0,1,5,4,79
104,Trevor Cahill,24,ARI,32,73,67,2,8,0,0,0,4,0,0,1,24,.119,.132,.119,.252,-32,8,1,0,5,0,0,1
105,Matt Cain,27,SFG,35,84,74,6,13,2,0,1,6,0,0,2,33,.176,.197,.243,.441,26,18,0,0,8,0,0,1
106,Miguel Cairo,38,CIN,70,156,150,9,28,7,2,1,13,4,0,4,20,.187,.212,.280,.492,29,42,4,1,0,1,0,35/4D
107,Shawn Camp,36,CHC,80,0,0,0,0,0,0,0,0,0,0,0,0,,,,,,0,0,0,0,0,0,1
108,Tony Campana,26,CHC,89,192,174,26,46,6,0,0,5,30,3,11,43,.264,.308,.299,.607,68,52,0,0,7,0,0,87/9
109,Chris Capuano,33,LAD,34,69,54,3,5,2,0,0,3,0,0,1,27,.093,.107,.130,.237,-35,7,0,0,13,1,0,1
110,Adrian Cardenas,24,CHC,45,67,60,5,11,6,0,0,2,0,0,7,13,.183,.269,.283,.552,52,17,0,0,0,0,1,4/75
111,Chris Carpenter,37,STL,3,6,6,0,1,0,0,0,0,0,0,0,2,.167,.167,.167,.333,-8,1,0,0,0,0,0,/1
112,David Carpenter,26,HOU,31,2,2,0,1,0,0,0,0,0,0,0,0,.500,.500,.500,1.000,175,1,0,0,0,0,0,1
113,Matt Carpenter,26,STL,114,340,296,44,87,22,5,6,46,1,1,34,63,.294,.365,.463,.828,125,137,10,3,0,7,2,359/74
114,D.J. Carrasco,35,NYM,4,0,0,0,0,0,0,0,0,0,0,0,0,,,,,,0,0,0,0,0,0,/1
115,Brett Carroll,29,WSN,5,2,2,2,0,0,0,0,0,0,0,0,0,.000,.000,.000,.000,-100,0,0,0,0,0,0,/8
116,Robert Carson,23,NYM,17,0,0,0,0,0,0,0,0,0,0,0,0,,,,,,0,0,0,0,0,0,1
117,Andrew Cashner,25,SDP,33,8,7,0,1,0,0,0,0,0,0,1,2,.143,.250,.143,.393,15,1,0,0,0,0,0,1
118,Santiago Casilla,31,SFG,73,3,3,0,1,0,0,0,1,0,0,0,1,.333,.333,.333,.667,93,1,0,0,0,0,0,1
119,Alex Castellanos,25,LAD,16,25,23,3,4,0,1,1,3,0,0,0,8,.174,.200,.391,.591,59,9,0,1,0,1,0,7/9
120,Lendy Castillo#,23,CHC,13,0,0,0,0,0,0,0,0,0,0,0,0,,,,,,0,0,0,0,0,0,1
121,Welington Castillo,25,CHC,52,190,170,16,45,11,0,5,22,0,0,17,51,.265,.337,.418,.754,106,71,4,2,0,1,2,2/3
122,Jason Castro,25,HOU,87,295,257,29,66,15,2,6,29,0,0,31,61,.257,.334,.401,.735,100,103,8,1,2,4,2,2
123,Starlin Castro,22,CHC,162,691,646,78,183,29,12,14,78,25,13,36,100,.283,.323,.430,.753,105,278,15,4,0,5,5,6
124,Ronny Cedeno,29,NYM,78,186,166,18,43,11,1,4,22,0,1,17,35,.259,.332,.410,.741,104,68,10,1,2,0,0,46/5
125,Xavier Cedeno,25,HOU,44,1,1,0,0,0,0,0,0,0,0,0,1,.000,.000,.000,.000,-100,0,0,0,0,0,0,1
Rk,,Age,Tm,G,PA,AB,R,H,2B,3B,HR,RBI,SB,CS,BB,SO,BA,OBP,SLG,OPS,OPS+,TB,GDP,HBP,SH,SF,IBB,Pos Summary
126,Jhoulys Chacin,24,COL,14,26,24,4,7,2,0,0,3,0,0,1,3,.292,.320,.375,.695,75,9,0,0,1,0,0,1
127,Adron Chambers,25,STL,41,62,54,4,12,0,2,0,4,2,1,5,18,.222,.300,.296,.596,65,16,0,1,2,0,2,87/9
128,Aroldis Chapman,24,CIN,68,0,0,0,0,0,0,0,0,0,0,0,0,,,,,,0,0,0,0,0,0,1
129,Jaye Chapman,25,CHC,14,0,0,0,0,0,0,0,0,0,0,0,0,,,,,,0,0,0,0,0,0,1
130,Tyler Chatwood,22,COL,23,23,16,1,4,1,0,0,1,0,0,1,3,.250,.294,.313,.607,54,5,0,0,6,0,0,1
131,Randy Choate,36,TOT,80,0,0,0,0,0,0,0,0,0,0,0,0,,,,,,0,0,0,0,0,0,1
132,Randy Choate,36,MIA,44,0,0,0,0,0,0,0,0,0,0,0,0,,,,,,0,0,0,0,0,0,1
133,Randy Choate,36,LAD,36,0,0,0,0,0,0,0,0,0,0,0,0,,,,,,0,0,0,0,0,0,1
134,Justin Christian,32,SFG,34,61,56,6,7,1,0,0,2,2,1,5,3,.125,.197,.143,.340,-0,8,0,0,0,0,0,7/9D8
135,Vinnie Chulk,33,MIL,7,0,0,0,0,0,0,0,0,0,0,0,0,,,,,,0,0,0,0,0,0,/1
136,Tony Cingrani,22,CIN,3,1,1,0,0,0,0,0,0,0,0,0,1,.000,.000,.000,.000,-100,0,0,0,0,0,0,/1
137,Steve Cishek,26,MIA,68,1,1,0,0,0,0,0,0,0,0,0,0,.000,.000,.000,.000,-100,0,0,0,0,0,0,1
138,Jeff Clement,28,PIT,23,24,22,1,3,1,0,0,1,0,0,2,7,.136,.208,.182,.390,11,4,2,0,0,0,0,/3
139,Maikel Cleto,23,STL,9,1,1,0,0,0,0,0,0,0,0,0,1,.000,.000,.000,.000,-100,0,0,0,0,0,0,/1
140,Steve Clevenger,26,CHC,69,215,199,16,40,12,0,1,16,0,1,16,39,.201,.260,.276,.537,48,55,10,0,0,0,0,2/35
141,Tyler Clippard,27,WSN,74,0,0,0,0,0,0,0,0,0,0,0,0,,,,,,0,0,0,0,0,0,1
142,Tyler Cloyd,25,PHI,6,14,11,2,1,0,0,0,0,0,0,3,3,.091,.286,.091,.377,9,1,1,0,0,0,0,/1
143,Todd Coffey,31,LAD,23,0,0,0,0,0,0,0,0,0,0,0,0,,,,,,0,0,0,0,0,0,1
144,Chris Coghlan,27,MIA,39,105,93,10,13,1,0,1,10,0,2,9,12,.140,.212,.183,.394,9,17,4,0,1,2,1,78/9
145,Casey Coleman,24,CHC,17,3,3,0,1,0,0,0,0,0,0,0,1,.333,.333,.333,.667,84,1,0,0,0,0,0,1
146,Josh Collmenter,26,ARI,28,23,16,1,1,0,0,0,2,0,0,1,5,.063,.118,.063,.180,-50,1,0,0,6,0,0,1
147,Tyler Colvin,26,COL,136,452,420,62,122,27,10,18,72,7,3,21,117,.290,.327,.531,.858,112,223,6,2,2,1,0,9837
148,Brooks Conrad#,32,MIL,25,44,40,2,3,0,0,2,6,0,0,3,16,.075,.136,.225,.361,-5,9,0,0,0,1,0,/3456
149,Jose Constanza,28,ATL,37,86,76,8,19,2,0,0,4,5,2,8,21,.250,.321,.276,.598,64,21,0,0,2,0,2,7/8
150,Jose Contreras,40,PHI,17,0,0,0,0,0,0,0,0,0,0,0,0,,,,,,0,0,0,0,0,0,1
Rk,,Age,Tm,G,PA,AB,R,H,2B,3B,HR,RBI,SB,CS,BB,SO,BA,OBP,SLG,OPS,OPS+,TB,GDP,HBP,SH,SF,IBB,Pos Summary
151,Patrick Corbin,22,ARI,22,43,36,3,4,0,1,0,4,0,0,1,17,.111,.135,.167,.302,-20,6,0,0,6,0,0,1
152,Francisco Cordero,37,HOU,6,0,0,0,0,0,0,0,0,0,0,0,0,,,,,,0,0,0,0,0,0,/1
153,Manuel Corpas,29,CHC,48,1,1,0,0,0,0,0,0,0,0,0,1,.000,.000,.000,.000,-100,0,0,0,0,0,0,1
154,Carlos Corporan#,28,HOU,27,85,78,5,21,2,0,4,13,0,1,4,19,.269,.310,.449,.758,104,35,2,1,1,1,0,2
155,Kevin Correia,31,PIT,32,55,47,1,5,0,0,0,0,0,1,0,21,.106,.106,.106,.213,-40,5,0,0,8,0,0,1
156,Mike Costanzo,28,CIN,17,21,18,0,1,0,0,0,2,0,0,1,10,.056,.095,.056,.151,-59,1,0,0,0,2,0,/3D
157,Scott Cousins,27,MIA,53,92,86,7,14,4,1,1,3,1,1,4,24,.163,.200,.267,.467,26,23,2,0,2,0,2,89/7
158,Zack Cozart,26,CIN,138,600,561,72,138,33,4,15,35,4,0,31,113,.246,.288,.399,.687,79,224,11,3,2,3,0,6
159,Allen Craig,27,STL,119,514,469,76,144,35,0,22,92,2,1,37,89,.307,.354,.522,.876,137,245,15,1,0,7,1,39/7D
160,Brandon Crawford,25,SFG,143,476,435,44,108,26,3,4,45,1,4,33,95,.248,.304,.349,.653,87,152,4,3,2,3,6,6
161,Juan Cruz,33,PIT,43,0,0,0,0,0,0,0,0,0,0,0,0,,,,,,0,0,0,0,0,0,1
162,Luis Cruz,28,LAD,78,296,283,26,84,20,0,6,40,2,1,9,34,.297,.322,.431,.753,106,122,7,2,1,1,1,56/4
163,Rhiner Cruz,25,HOU,52,1,1,0,0,0,0,0,0,0,0,0,1,.000,.000,.000,.000,-100,0,0,0,0,0,0,1
164,Tony Cruz,25,STL,51,131,126,11,32,9,1,1,11,0,1,3,19,.254,.267,.365,.632,72,46,4,0,0,2,0,2/3
165,Michael Cuddyer,33,COL,101,394,358,53,93,30,2,16,58,8,3,32,78,.260,.317,.489,.806,99,175,12,0,0,4,1,93
166,Johnny Cueto,26,CIN,33,84,67,3,6,1,0,0,2,0,0,0,24,.090,.090,.104,.194,-49,7,0,0,17,0,0,1
167,Charlie Culberson,23,SFG,6,23,22,0,3,0,0,0,1,0,0,0,7,.136,.136,.136,.273,-21,3,0,0,1,0,0,/4
168,Chase d'Arnaud,25,PIT,8,6,6,2,0,0,0,0,1,1,0,0,2,.000,.000,.000,.000,-100,0,0,0,0,0,0,/46
169,James Darnell,25,SDP,7,19,17,1,4,1,0,1,1,0,0,2,2,.235,.316,.471,.786,118,8,3,0,0,0,0,/75
170,Ike Davis,25,NYM,156,584,519,66,118,26,0,32,90,0,2,61,141,.227,.308,.462,.771,110,240,10,1,0,3,3,3
171,Justin De Fratus#,24,PHI,13,0,0,0,0,0,0,0,0,0,0,0,0,,,,,,0,0,0,0,0,0,1
172,Ivan De Jesus,25,LAD,23,37,33,5,9,3,0,0,4,1,1,3,7,.273,.324,.364,.688,90,12,1,0,0,1,0,/45D
173,Jorge De La Rosa,31,COL,3,5,5,0,2,0,0,0,1,0,0,0,1,.400,.400,.400,.800,103,2,0,0,0,0,0,/1
174,Rubby De La Rosa,23,LAD,1,0,0,0,0,0,0,0,0,0,0,0,0,,,,,,0,0,0,0,0,0,/1
175,David DeJesus,32,CHC,148,582,506,76,133,28,8,9,50,7,8,61,89,.263,.350,.403,.753,106,204,9,9,2,4,1,98/7
Rk,,Age,Tm,G,PA,AB,R,H,2B,3B,HR,RBI,SB,CS,BB,SO,BA,OBP,SLG,OPS,OPS+,TB,GDP,HBP,SH,SF,IBB,Pos Summary
176,Enerio Del Rosario,26,HOU,19,0,0,0,0,0,0,0,0,0,0,0,0,,,,,,0,0,0,0,0,0,1
177,Randall Delgado,22,ATL,18,28,25,3,6,0,0,0,1,0,0,0,9,.240,.240,.240,.480,30,6,1,0,3,0,0,1
178,Sam Demel,26,ARI,1,0,0,0,0,0,0,0,0,0,0,0,0,,,,,,0,0,0,0,0,0,/1
179,Ryan Dempster,35,CHC,16,33,32,1,3,0,1,0,1,0,0,0,9,.094,.094,.156,.250,-33,5,0,0,1,0,0,1
180,Chris Denorfia,31,SDP,130,382,348,56,102,19,6,8,36,13,5,27,52,.293,.345,.451,.796,122,157,9,2,2,3,0,97/8
181,Mark DeRosa,37,WSN,48,101,85,13,16,5,0,0,6,1,0,14,18,.188,.300,.247,.547,52,21,3,0,1,1,0,5/79346
182,Daniel Descalso,25,STL,143,426,374,41,85,10,7,4,26,6,3,37,83,.227,.303,.324,.627,72,121,5,5,7,3,3,465/3
183,Ian Desmond,26,WSN,130,547,513,72,150,33,2,25,73,21,6,30,113,.292,.335,.511,.845,126,262,17,3,0,1,1,6
184,Ross Detwiler,26,WSN,33,49,45,0,2,0,0,0,1,0,0,1,22,.044,.065,.044,.110,-69,2,0,0,3,0,0,1
185,Blake DeWitt,26,CHC,18,30,29,1,4,1,0,0,1,0,0,0,2,.138,.133,.172,.306,-17,5,1,0,0,1,0,/47
186,Matt Diaz,34,ATL,51,118,108,10,24,6,0,2,13,0,0,9,21,.222,.280,.333,.613,65,36,4,0,0,1,1,7/9D
187,R.A. Dickey,37,NYM,34,83,72,3,11,0,0,0,3,0,0,0,14,.153,.164,.153,.317,-11,11,3,1,10,0,0,1
188,Brandon Dickson,27,STL,4,2,2,0,1,0,0,0,0,0,0,0,1,.500,.500,.500,1.000,176,1,0,0,0,0,0,/1
189,Jake Diekman,25,PHI,32,0,0,0,0,0,0,0,0,0,0,0,0,,,,,,0,0,0,0,0,0,1
190,Tim Dillard,28,MIL,34,0,0,0,0,0,0,0,0,0,0,0,0,,,,,,0,0,0,0,0,0,1
191,Greg Dobbs,33,MIA,120,342,319,26,91,13,2,5,39,4,2,14,53,.285,.313,.386,.698,89,123,8,2,0,7,5,5739/D
192,Rafael Dolis,24,CHC,34,0,0,0,0,0,0,0,0,0,0,0,0,,,,,,0,0,0,0,0,0,1
193,Matt Dominguez,22,HOU,31,113,109,14,31,2,2,5,16,0,0,4,17,.284,.310,.477,.787,111,52,4,0,0,0,1,5
194,Matt Downs,28,HOU,91,191,178,15,36,4,1,8,16,2,4,8,38,.202,.253,.371,.623,68,66,5,4,1,0,1,359/476
195,Stephen Drew,29,ARI,40,155,135,17,26,8,1,2,12,0,1,19,35,.193,.290,.311,.601,60,42,1,0,0,1,1,6
196,Lucas Duda,26,NYM,121,459,401,43,96,15,0,15,57,1,0,51,120,.239,.329,.389,.718,98,156,5,4,0,3,0,97/3D
197,Zach Duke,29,WSN,8,1,1,0,0,0,0,0,0,0,0,0,0,.000,.000,.000,.000,-100,0,0,0,0,0,0,/1
198,Mike Dunn,27,MIA,60,1,1,0,0,0,0,0,0,0,0,0,0,.000,.000,.000,.000,-100,0,0,0,0,0,0,1
199,Chad Durbin,34,ATL,76,0,0,0,0,0,0,0,0,0,0,0,0,,,,,,0,0,0,0,0,0,1
200,Adam Eaton,23,ARI,22,103,85,19,22,3,2,2,5,2,3,14,15,.259,.382,.412,.794,111,35,0,3,1,0,0,8/7
Rk,,Age,Tm,G,PA,AB,R,H,2B,3B,HR,RBI,SB,CS,BB,SO,BA,OBP,SLG,OPS,OPS+,TB,GDP,HBP,SH,SF,IBB,Pos Summary
201,Josh Edgin,25,NYM,34,0,0,0,0,0,0,0,0,0,0,0,0,,,,,,0,0,0,0,0,0,1
202,Steve Edlefsen,27,SFG,14,1,1,0,0,0,0,0,0,0,0,0,0,.000,.000,.000,.000,-100,0,0,0,0,0,0,1
203,Jack Egbert,29,NYM,1,0,0,0,0,0,0,0,0,0,0,0,0,,,,,,0,0,0,0,0,0,/1
204,Mike Ekstrom,28,COL,15,0,0,0,0,0,0,0,0,0,0,0,0,,,,,,0,0,0,0,0,0,1
205,Scott Elbert,26,LAD,43,0,0,0,0,0,0,0,0,0,0,0,0,,,,,,0,0,0,0,0,0,1
206,A.J. Ellis,31,LAD,133,505,423,44,114,20,1,13,52,0,0,65,107,.270,.373,.414,.786,118,175,17,7,6,4,11,2
207,Mark Ellis,35,LAD,110,464,415,62,107,21,1,7,31,5,0,40,70,.258,.333,.364,.697,93,151,5,7,2,0,0,4
208,Jake Elmore,25,ARI,30,73,68,1,13,4,0,0,7,0,0,5,6,.191,.247,.250,.497,33,17,1,0,0,0,0,6/4
209,John Ely,26,LAD,2,0,0,0,0,0,0,0,0,0,0,0,0,,,,,,0,0,0,0,0,0,/1
210,Nathan Eovaldi,22,TOT,22,36,32,2,3,0,0,0,0,0,0,1,20,.094,.121,.094,.215,-40,3,0,0,3,0,0,1
211,Nathan Eovaldi,22,LAD,10,14,12,0,0,0,0,0,0,0,0,1,8,.000,.077,.000,.077,-76,0,0,0,1,0,0,1
212,Nathan Eovaldi,22,MIA,12,22,20,2,3,0,0,0,0,0,0,0,12,.150,.150,.150,.300,-18,3,0,0,2,0,0,1
213,Edgmer Escalona,25,COL,22,1,0,0,0,0,0,0,0,0,0,0,0,,,,,,0,0,0,1,0,0,1
214,Danny Espinosa#,25,WSN,160,658,594,82,147,37,2,17,56,20,6,46,189,.247,.315,.402,.717,94,239,11,13,3,2,4,46
215,Marco Estrada,28,MIL,29,45,40,1,4,2,0,0,3,0,0,2,21,.100,.143,.150,.293,-21,6,0,0,3,0,0,1
216,Andre Ethier,30,LAD,149,618,556,79,158,36,1,20,89,2,2,50,124,.284,.351,.460,.812,123,256,13,9,0,3,6,9/D8
217,Jeurys Familia,22,NYM,8,1,1,0,0,0,0,0,0,0,0,0,1,.000,.000,.000,.000,-100,0,0,0,0,0,0,/1
218,Eric Farris,26,MIL,13,9,8,1,1,0,0,0,0,1,0,1,2,.125,.222,.125,.347,-3,1,0,0,0,0,0,/47
219,Tim Federowicz,24,LAD,3,4,3,0,1,0,0,0,0,0,0,1,2,.333,.500,.333,.833,138,1,0,0,0,0,0,/2
220,C.J. Fick,26,TOT,20,0,0,0,0,0,0,0,0,0,0,0,0,,,,,,0,0,0,0,0,0,1
221,C.J. Fick,26,STL,2,0,0,0,0,0,0,0,0,0,0,0,0,,,,,,0,0,0,0,0,0,/1
222,C.J. Fick,26,HOU,18,0,0,0,0,0,0,0,0,0,0,0,0,,,,,,0,0,0,0,0,0,1
223,Thomas Field,25,COL,2,3,2,0,0,0,0,0,0,0,0,1,1,.000,.333,.000,.333,-5,0,0,0,0,0,0,/4
224,Mike Fiers,27,MIL,23,38,32,0,3,0,0,0,2,0,0,0,17,.094,.094,.094,.188,-49,3,0,0,6,0,0,1
225,Stephen Fife,25,LAD,5,8,7,1,2,1,0,0,0,0,0,0,2,.286,.286,.429,.714,94,3,0,0,1,0,0,/1
Rk,,Age,Tm,G,PA,AB,R,H,2B,3B,HR,RBI,SB,CS,BB,SO,BA,OBP,SLG,OPS,OPS+,TB,GDP,HBP,SH,SF,IBB,Pos Summary
226,Jesus Flores,27,WSN,83,296,277,22,59,12,1,6,26,1,2,13,59,.213,.248,.329,.577,55,91,6,1,2,3,3,2
227,Mike Fontenot,32,PHI,47,105,97,13,28,2,0,1,5,0,1,7,23,.289,.343,.340,.683,86,33,2,1,0,0,2,45/D
228,Logan Forsythe,25,SDP,91,350,315,45,86,13,3,6,26,8,2,28,57,.273,.343,.390,.733,106,123,6,6,0,1,0,4/65D
229,Dexter Fowler#,26,COL,143,530,454,72,136,18,11,13,53,12,5,68,128,.300,.389,.474,.863,117,215,5,0,6,2,1,8
230,Jeff Francis,31,COL,24,39,31,2,2,0,0,0,0,0,0,2,8,.065,.121,.065,.186,-51,2,2,0,6,0,0,1
231,Ben Francisco,30,HOU,31,90,85,5,21,4,0,2,5,0,0,5,23,.247,.289,.365,.654,77,31,0,0,0,0,0,97
232,Frank Francisco,32,NYM,48,0,0,0,0,0,0,0,0,0,0,0,0,,,,,,0,0,0,0,0,0,1
233,Juan Francisco,25,ATL,93,205,192,17,45,11,0,9,32,1,1,11,70,.234,.278,.432,.710,88,83,5,1,0,1,2,5
234,Kevin Frandsen,30,PHI,55,210,195,24,66,10,3,2,14,0,1,9,18,.338,.383,.451,.834,124,88,4,5,1,0,2,5
235,Todd Frazier,26,CIN,128,465,422,55,115,26,6,19,67,3,2,36,103,.273,.331,.498,.829,115,210,9,3,0,4,1,53/7D9
236,Freddie Freeman,22,ATL,147,620,540,91,140,33,2,23,94,2,0,64,129,.259,.340,.456,.796,113,246,10,7,0,9,4,3
237,Sam Freeman,25,STL,24,0,0,0,0,0,0,0,0,0,0,0,0,,,,,,0,0,0,0,0,0,1
238,David Freese,29,STL,144,567,501,70,147,25,1,20,79,3,3,57,122,.293,.372,.467,.839,129,234,19,7,0,2,2,5
239,Christian Friedrich,24,COL,17,29,25,1,2,0,0,0,0,0,0,3,15,.080,.179,.080,.259,-31,2,0,0,1,0,0,1
240,Ernesto Frieri,26,SDP,11,0,0,0,0,0,0,0,0,0,0,0,0,,,,,,0,0,0,0,0,0,1
241,Eric Fryer,26,PIT,6,5,4,0,1,0,0,0,0,0,0,1,1,.250,.400,.250,.650,88,1,0,0,0,0,0,/79
242,Brian Fuentes,36,STL,6,0,0,0,0,0,0,0,0,0,0,0,0,,,,,,0,0,0,0,0,0,/1
243,Rafael Furcal#,34,STL,121,531,477,69,126,18,3,5,49,12,4,44,57,.264,.325,.346,.671,85,165,7,1,5,4,1,6
244,Armando Galarraga,30,HOU,5,8,8,0,0,0,0,0,0,0,0,0,3,.000,.000,.000,.000,-100,0,0,0,0,0,0,/1
245,Yovani Gallardo,26,MIL,33,75,67,3,11,3,0,1,9,0,0,0,25,.164,.164,.254,.418,10,17,1,0,8,0,0,1
246,Freddy Galvis#,22,PHI,58,200,190,14,43,15,1,3,24,0,0,7,29,.226,.254,.363,.617,64,69,6,0,3,0,0,4/6
247,Mat Gamel,26,MIL,21,75,69,10,17,2,1,1,6,3,0,4,15,.246,.293,.348,.641,71,24,0,1,0,1,0,3/5
248,Christian Garcia,26,WSN,13,0,0,0,0,0,0,0,0,0,0,0,0,,,,,,0,0,0,0,0,0,1
249,Jaime Garcia,25,STL,20,46,40,7,10,1,1,1,3,0,0,2,15,.250,.286,.400,.686,86,16,1,0,4,0,0,1
250,Matt Garza,28,CHC,18,34,30,0,2,1,0,0,0,0,0,0,23,.067,.067,.100,.167,-55,3,0,0,4,0,0,1
Rk,,Age,Tm,G,PA,AB,R,H,2B,3B,HR,RBI,SB,CS,BB,SO,BA,OBP,SLG,OPS,OPS+,TB,GDP,HBP,SH,SF,IBB,Pos Summary
251,Chad Gaudin,29,MIA,46,8,8,0,0,0,0,0,0,0,0,0,4,.000,.000,.000,.000,-100,0,0,0,0,0,0,1
252,Cory Gearrin,26,ATL,22,0,0,0,0,0,0,0,0,0,0,0,0,,,,,,0,0,0,0,0,0,1
253,Dillon Gee,26,NYM,17,34,27,4,4,2,0,0,1,0,0,2,7,.148,.207,.222,.429,19,6,1,0,5,0,0,1
254,Justin Germano,29,CHC,13,24,17,1,1,0,0,0,0,0,0,1,10,.059,.111,.059,.170,-51,1,0,0,6,0,0,1
255,Jason Giambi,41,COL,60,113,89,7,20,4,0,1,8,0,0,20,24,.225,.372,.303,.675,74,27,4,2,0,2,2,3/D
256,Conor Gillaspie,24,SFG,6,20,20,2,3,1,0,0,2,0,0,0,2,.150,.150,.200,.350,-0,4,0,0,0,0,0,/5
257,Paul Goldschmidt,24,ARI,145,587,514,82,147,43,1,20,82,18,3,60,130,.286,.359,.490,.850,123,252,9,4,0,9,4,3
258,Carlos Gomez,26,MIL,137,452,415,72,108,19,4,19,51,37,6,20,98,.260,.305,.463,.768,102,192,6,8,6,3,1,8
259,Adrian Gonzalez,30,LAD,36,157,145,12,43,10,1,3,22,2,0,11,29,.297,.344,.441,.785,116,64,1,0,0,1,1,3
260,Alex Gonzalez,35,MIL,24,89,81,8,21,4,0,4,15,1,1,6,15,.259,.326,.457,.783,107,37,1,2,0,0,0,6
261,Carlos Gonzalez,26,COL,135,579,518,89,157,31,5,22,85,20,5,56,115,.303,.371,.510,.881,119,264,11,2,0,3,11,7
262,Edgar Gonzalez,29,HOU,6,12,9,0,1,0,0,0,1,0,0,2,5,.111,.273,.111,.384,11,1,0,0,1,0,0,/1
263,Gio Gonzalez,26,WSN,32,75,64,2,6,1,0,1,4,0,0,1,25,.094,.106,.156,.262,-30,10,0,0,9,1,0,1
264,Marwin Gonzalez#,23,HOU,80,219,205,21,48,13,0,2,12,3,3,13,29,.234,.280,.327,.607,65,67,9,0,1,0,0,65/4
265,Mike Gonzalez,34,WSN,47,0,0,0,0,0,0,0,0,0,0,0,0,,,,,,0,0,0,0,0,0,1
266,Dee Gordon,24,LAD,87,330,303,38,69,9,2,1,17,32,10,20,62,.228,.280,.281,.561,56,85,5,3,2,2,0,6
267,Tom Gorzelanny,29,WSN,45,7,6,0,2,0,0,0,1,0,0,1,1,.333,.429,.333,.762,112,2,0,0,0,0,0,1
268,Tyler Graham,28,ARI,10,2,2,1,0,0,0,0,0,0,1,0,2,.000,.000,.000,.000,-100,0,0,0,0,0,0,/89
269,Yasmani Grandal#,23,SDP,60,226,192,28,57,7,1,8,36,0,0,31,39,.297,.394,.469,.863,142,90,8,1,0,2,1,2
270,Nick Green,33,MIA,7,24,23,1,4,3,0,0,1,0,0,0,6,.174,.208,.304,.513,37,7,0,1,0,0,0,/546
271,Taylor Green,25,MIL,58,117,103,8,19,7,0,3,14,0,0,10,24,.184,.265,.340,.605,61,35,3,2,0,2,0,35/4D
272,Adam Greenberg,31,MIA,1,1,1,0,0,0,0,0,0,0,0,0,1,.000,.000,.000,.000,-100,0,0,0,0,0,0,
273,Tyler Greene,28,TOT,116,330,305,34,70,15,2,11,30,12,4,19,95,.230,.274,.400,.674,82,122,7,1,2,3,1,46/97
274,Tyler Greene,28,STL,77,197,179,16,39,9,2,4,19,9,2,13,56,.218,.272,.358,.629,71,64,4,1,2,2,1,4/697
275,Tyler Greene,28,HOU,39,133,126,18,31,6,0,7,11,3,2,6,39,.246,.278,.460,.739,97,58,3,0,0,1,0,6/4
Rk,,Age,Tm,G,PA,AB,R,H,2B,3B,HR,RBI,SB,CS,BB,SO,BA,OBP,SLG,OPS,OPS+,TB,GDP,HBP,SH,SF,IBB,Pos Summary
276,Luke Gregerson,28,SDP,77,1,1,0,0,0,0,0,0,0,0,0,1,.000,.000,.000,.000,-100,0,0,0,0,0,0,1
277,Didi Gregorius,22,CIN,8,21,20,1,6,0,0,0,2,0,0,0,5,.300,.300,.300,.600,60,6,0,0,1,0,0,/6
278,Zack Greinke,28,MIL,24,38,33,3,7,3,0,1,2,0,0,0,8,.212,.206,.394,.600,56,13,2,0,4,1,0,1
279,Jason Grilli,35,PIT,64,0,0,0,0,0,0,0,0,0,0,0,0,,,,,,0,0,0,0,0,0,1
280,Javy Guerra,26,LAD,45,0,0,0,0,0,0,0,0,0,0,0,0,,,,,,0,0,0,0,0,0,1
281,Matt Guerrier,33,LAD,16,0,0,0,0,0,0,0,0,0,0,0,0,,,,,,0,0,0,0,0,0,1
282,Jeremy Guthrie,33,COL,24,30,25,1,2,0,0,0,1,0,0,1,11,.080,.115,.080,.195,-49,2,1,0,4,0,0,1
283,Jesus Guzman,28,SDP,120,321,287,32,71,18,2,9,48,3,3,29,71,.247,.319,.418,.737,106,120,2,2,1,2,3,73/94D
284,Tony Gwynn,29,LAD,103,277,259,29,60,8,4,0,17,13,6,16,52,.232,.276,.293,.570,58,76,6,0,2,0,2,87/9
285,Eric Hacker#,29,SFG,4,3,3,0,0,0,0,0,0,0,0,0,1,.000,.000,.000,.000,-100,0,0,0,0,0,0,/1
286,Matt Hague,26,PIT,30,74,70,5,16,2,0,0,7,1,0,3,14,.229,.270,.257,.527,49,18,1,1,0,0,0,3/D
287,Jerry Hairston,36,LAD,78,267,238,19,65,13,1,4,26,1,2,23,27,.273,.342,.387,.729,102,92,7,3,1,2,2,547/63D
288,Scott Hairston,32,NYM,134,398,377,52,99,25,3,20,57,8,2,19,83,.263,.299,.504,.803,117,190,10,1,0,1,0,798
289,Roy Halladay,35,PHI,25,57,53,4,9,0,0,0,2,0,0,0,26,.170,.170,.170,.340,-8,9,0,0,4,0,0,1
290,Cole Hamels,28,PHI,31,82,69,5,15,2,0,1,5,0,1,4,27,.217,.270,.290,.560,52,20,1,1,8,0,0,1
291,Justin Hampson,32,NYM,13,1,1,0,0,0,0,0,0,0,0,0,0,.000,.000,.000,.000,-100,0,0,0,0,0,0,1
292,Brad Hand,22,MIA,1,1,1,0,0,0,0,0,0,0,0,0,0,.000,.000,.000,.000,-100,0,1,0,0,0,0,/1
293,Ryan Hanigan,31,CIN,112,371,317,25,87,14,0,2,24,0,0,44,37,.274,.365,.338,.703,88,107,6,3,4,3,13,2
294,Joel Hanrahan,30,PIT,63,0,0,0,0,0,0,0,0,0,0,0,0,,,,,,0,0,0,0,0,0,1
295,Tommy Hanson,25,ATL,31,61,49,0,1,0,0,0,0,0,0,2,30,.020,.059,.020,.079,-77,1,0,0,10,0,0,1
296,J.A. Happ,29,HOU,22,40,32,2,3,0,0,0,1,0,0,3,16,.094,.171,.094,.265,-25,3,0,0,5,0,0,1
297,Aaron Harang,34,LAD,31,63,56,1,4,1,0,0,2,0,0,0,23,.071,.071,.089,.161,-56,5,1,0,7,0,0,1
298,Bryce Harper,19,WSN,139,597,533,98,144,26,9,22,59,18,6,56,120,.270,.340,.477,.817,119,254,8,2,3,3,0,89/7
299,Lucas Harrell#,27,HOU,35,63,59,5,9,0,0,0,1,0,0,1,32,.153,.167,.153,.319,-12,9,1,0,3,0,0,1
300,Will Harris,27,COL,20,0,0,0,0,0,0,0,0,0,0,0,0,,,,,,0,0,0,0,0,0,1
Rk,,Age,Tm,G,PA,AB,R,H,2B,3B,HR,RBI,SB,CS,BB,SO,BA,OBP,SLG,OPS,OPS+,TB,GDP,HBP,SH,SF,IBB,Pos Summary
301,Willie Harris,34,CIN,25,48,44,5,5,4,0,0,2,1,1,3,8,.114,.170,.205,.375,-1,9,0,0,1,0,0,/45D7
302,Josh Harrison,24,PIT,104,276,249,34,58,9,5,3,16,7,3,10,37,.233,.279,.345,.624,74,86,3,7,7,3,0,4659/D7
303,Corey Hart,30,MIL,149,622,562,91,152,35,4,30,83,5,0,44,151,.270,.334,.507,.841,121,285,13,11,2,3,5,39
304,Matt Harvey,23,NYM,10,21,18,0,6,2,0,0,3,0,0,0,7,.333,.333,.444,.778,113,8,0,0,3,0,0,1
305,Chris Hatcher#,27,MIA,11,1,1,0,0,0,0,0,0,0,0,0,1,.000,.000,.000,.000,-100,0,0,0,0,0,0,1
306,Brett Hayes,28,MIA,39,118,114,7,23,6,0,0,3,1,0,4,49,.202,.229,.254,.483,32,29,1,0,0,0,3,2
307,Chase Headley#,28,SDP,161,699,604,95,173,31,2,31,115,17,6,86,157,.286,.376,.498,.875,144,301,7,4,0,5,2,5/3
308,Jeremy Hefner,26,NYM,26,26,20,1,2,0,0,1,1,0,0,0,11,.100,.100,.250,.350,-7,5,0,0,6,0,0,1
309,Chris Heisey,27,CIN,120,375,347,44,92,16,5,7,31,6,3,18,81,.265,.315,.401,.715,88,139,8,7,3,0,0,789
310,Todd Helton,38,COL,69,283,240,31,57,16,1,7,37,1,1,39,44,.238,.343,.400,.743,87,96,6,1,0,3,1,3
311,Jim Henderson,29,MIL,36,0,0,0,0,0,0,0,0,0,0,0,0,,,,,,0,0,0,0,0,0,1
312,Clay Hensley,32,SFG,60,1,1,0,0,0,0,0,0,0,0,0,0,.000,.000,.000,.000,-100,0,0,0,0,0,0,1
313,Jeremy Hermida,28,SDP,13,27,24,2,6,1,1,0,2,1,0,3,7,.250,.333,.375,.708,100,9,0,0,0,0,1,/97
314,David Hernandez,27,ARI,72,1,1,0,1,0,0,0,0,0,0,0,0,1.000,1.000,1.000,2.000,435,1,0,0,0,0,0,1
315,Gorkys Hernandez,24,TOT,70,173,156,18,30,2,3,3,13,7,2,13,42,.192,.267,.301,.569,55,47,2,3,1,0,0,87/9
316,Gorkys Hernandez,24,PIT,25,26,24,2,2,0,0,0,2,2,0,1,5,.083,.154,.083,.237,-31,2,1,1,0,0,0,7/98
317,Gorkys Hernandez,24,MIA,45,147,132,16,28,2,3,3,11,5,2,12,37,.212,.288,.341,.629,70,45,1,2,1,0,0,8/7
318,Livan Hernandez,37,TOT,44,5,4,0,0,0,0,0,0,0,0,1,1,.000,.200,.000,.200,-40,0,0,0,0,0,0,1
319,Livan Hernandez,37,ATL,18,2,1,0,0,0,0,0,0,0,0,1,0,.000,.500,.000,.500,52,0,0,0,0,0,0,1
320,Livan Hernandez,37,MIL,26,3,3,0,0,0,0,0,0,0,0,0,1,.000,.000,.000,.000,-100,0,0,0,0,0,0,1
321,Ramon Hernandez,36,COL,52,196,184,16,40,10,0,5,28,0,1,6,32,.217,.247,.353,.601,49,65,4,2,2,2,1,2/3
322,David Herndon,26,PHI,5,1,1,0,0,0,0,0,0,0,0,0,1,.000,.000,.000,.000,-100,0,0,0,0,0,0,/1
323,Elian Herrera#,27,LAD,67,214,187,26,47,10,1,1,17,4,2,23,50,.251,.340,.332,.671,87,62,5,2,2,0,0,754/896
324,Jonathan Herrera#,27,COL,86,251,225,29,59,9,1,3,12,4,1,16,39,.262,.317,.351,.668,69,79,5,2,7,0,3,645
325,Jason Heyward,22,ATL,158,651,587,93,158,30,6,27,82,21,8,58,152,.269,.335,.479,.814,117,281,4,2,0,3,1,9/8
Rk,,Age,Tm,G,PA,AB,R,H,2B,3B,HR,RBI,SB,CS,BB,SO,BA,OBP,SLG,OPS,OPS+,TB,GDP,HBP,SH,SF,IBB,Pos Summary
326,Aaron Hill,30,ARI,156,668,609,93,184,44,6,26,85,14,5,52,86,.302,.360,.522,.882,131,318,15,4,1,2,7,4
327,Koyie Hill#,33,CHC,11,39,39,3,7,1,0,0,1,0,0,0,7,.179,.179,.205,.385,5,8,0,0,0,0,0,2
328,Steven Hill,27,STL,9,10,10,1,2,1,0,0,0,0,0,0,3,.200,.200,.300,.500,35,3,0,0,0,0,0,/3
329,Alex Hinshaw,29,TOT,33,1,1,0,0,0,0,0,0,0,0,0,1,.000,.000,.000,.000,-100,0,0,0,0,0,0,1
330,Alex Hinshaw,29,SDP,31,1,1,0,0,0,0,0,0,0,0,0,1,.000,.000,.000,.000,-100,0,0,0,0,0,0,1
331,Alex Hinshaw,29,CHC,2,0,0,0,0,0,0,0,0,0,0,0,0,,,,,,0,0,0,0,0,0,/1
332,Eric Hinske,34,ATL,91,147,132,9,26,7,1,2,13,0,0,14,41,.197,.272,.311,.583,57,41,5,0,0,1,2,3/7D9
333,Matt Holliday,32,STL,157,688,599,95,177,36,2,27,102,4,4,75,132,.295,.379,.497,.877,138,298,16,9,0,5,3,7/D
334,Brock Holt,24,PIT,24,72,65,6,19,2,1,0,3,0,0,4,14,.292,.329,.354,.682,92,23,1,0,2,1,0,4
335,J.J. Hoover,24,CIN,28,0,0,0,0,0,0,0,0,0,0,0,0,,,,,,0,0,0,0,0,0,1
336,Jeremy Horst,26,PHI,32,0,0,0,0,0,0,0,0,0,0,0,0,,,,,,0,0,0,0,0,0,1
337,Ryan Howard,32,PHI,71,292,260,28,57,11,0,14,56,0,0,25,99,.219,.295,.423,.718,91,110,8,4,0,3,7,3
338,Daniel Hudson,25,ARI,9,16,13,1,2,0,0,0,1,0,0,2,6,.154,.250,.154,.404,11,2,0,0,0,1,0,/1
339,Orlando Hudson#,34,SDP,35,131,123,11,26,0,5,1,11,3,2,8,27,.211,.260,.317,.577,62,39,3,0,0,0,0,4
340,Tim Hudson,36,ATL,29,67,55,4,12,3,0,0,6,0,0,2,18,.218,.250,.273,.523,41,15,0,1,7,2,0,1
341,Aubrey Huff,35,SFG,52,95,78,7,15,4,0,1,7,0,0,16,12,.192,.326,.282,.608,77,22,3,0,0,1,1,3/74
342,Jared Hughes,26,PIT,66,1,1,0,0,0,0,0,0,0,0,0,1,.000,.000,.000,.000,-100,0,0,0,0,0,0,1
343,Nick Hundley,28,SDP,58,225,204,14,32,7,1,3,22,0,3,15,56,.157,.219,.245,.464,31,50,4,2,1,3,2,2
344,Omar Infante,30,MIA,85,347,328,42,94,23,2,8,33,10,1,12,42,.287,.312,.442,.754,102,145,7,1,4,2,0,4
345,Travis Ishikawa,28,MIL,94,174,152,19,39,12,1,4,30,0,0,13,42,.257,.329,.428,.757,101,65,4,4,4,1,3,3/9
346,Cesar Izturis#,32,TOT,62,173,166,13,40,7,2,2,11,1,1,3,13,.241,.254,.343,.598,58,57,7,0,4,0,0,6/543
347,Cesar Izturis#,32,MIL,57,169,162,9,38,6,2,2,11,1,1,3,13,.235,.248,.333,.582,54,54,7,0,4,0,0,6/534
348,Cesar Izturis#,32,WSN,5,4,4,4,2,1,0,0,0,0,0,0,0,.500,.500,.750,1.250,234,3,0,0,0,0,0,/456
349,Brett Jackson,23,CHC,44,142,120,14,21,6,1,4,9,0,3,22,59,.175,.303,.342,.644,77,41,1,0,0,0,0,8
350,Edwin Jackson,28,WSN,34,65,57,6,13,0,0,0,0,0,0,3,21,.228,.267,.228,.495,37,13,0,0,5,0,0,1
Rk,,Age,Tm,G,PA,AB,R,H,2B,3B,HR,RBI,SB,CS,BB,SO,BA,OBP,SLG,OPS,OPS+,TB,GDP,HBP,SH,SF,IBB,Pos Summary
351,Ryan Jackson,24,STL,13,18,17,2,2,0,0,0,0,0,0,1,3,.118,.167,.118,.284,-20,2,1,0,0,0,0,/46
352,Mike Jacobs,31,ARI,13,23,19,4,4,1,0,0,2,0,0,4,6,.211,.348,.263,.611,66,5,0,0,0,0,1,/3
353,Paul Janish,29,ATL,55,186,167,18,31,6,1,0,9,1,0,17,30,.186,.269,.234,.502,38,39,1,2,0,0,0,6
354,Kenley Jansen#,24,LAD,65,0,0,0,0,0,0,0,0,0,0,0,0,,,,,,0,0,0,0,0,0,1
355,Jon Jay,27,STL,117,502,443,70,135,22,4,4,40,19,7,34,71,.305,.373,.400,.773,113,177,9,15,9,1,3,8
356,Dan Jennings,25,MIA,22,1,1,0,0,0,0,0,0,0,0,0,0,.000,.000,.000,.000,-100,0,0,0,0,0,0,1
357,Chris Johnson,27,TOT,136,528,488,48,137,28,5,15,76,5,1,31,132,.281,.326,.451,.777,108,220,18,4,1,4,2,5/39
358,Chris Johnson,27,HOU,92,368,341,36,95,21,3,8,41,4,1,23,92,.279,.329,.428,.757,105,146,12,3,0,1,1,5/39
359,Chris Johnson,27,ARI,44,160,147,12,42,7,2,7,35,1,0,8,40,.286,.321,.503,.824,115,74,6,1,1,3,1,5
360,Josh Johnson,28,MIA,31,60,53,2,5,0,0,0,2,0,0,2,34,.094,.127,.094,.222,-38,5,0,0,5,0,0,1
361,Reed Johnson,35,TOT,119,288,269,30,78,14,3,3,20,2,2,13,61,.290,.337,.398,.735,100,107,4,6,0,0,1,789
362,Reed Johnson,35,CHC,76,183,169,23,51,9,3,3,16,2,1,10,43,.302,.355,.444,.799,118,75,3,4,0,0,1,987
363,Reed Johnson,35,ATL,43,105,100,7,27,5,0,0,4,0,1,3,18,.270,.305,.320,.625,69,32,1,2,0,0,0,78/9
364,Rob Johnson,29,NYM,17,58,52,3,13,2,0,0,4,0,0,4,10,.250,.298,.288,.587,64,15,2,0,1,1,2,2/1
365,Chipper Jones#,40,ATL,112,448,387,58,111,23,0,14,62,1,0,57,51,.287,.377,.455,.832,124,176,15,1,0,3,6,5/D
366,Garrett Jones,31,PIT,145,515,475,68,130,28,3,27,86,2,0,33,103,.274,.317,.516,.832,129,245,3,0,0,7,2,39/D
367,Jair Jurrjens,26,ATL,11,17,13,1,1,0,0,0,0,0,0,1,6,.077,.143,.077,.220,-38,1,0,0,3,0,0,1
368,Jeff Karstens,29,PIT,19,29,28,3,3,0,0,0,2,0,0,0,15,.107,.107,.107,.214,-39,3,0,0,1,0,0,1
369,Austin Kearns,32,MIA,87,175,147,21,36,6,0,4,16,2,1,22,44,.245,.366,.367,.733,101,54,8,6,0,0,1,79/3D
370,Casey Kelly,22,SDP,7,12,10,0,2,0,0,0,0,0,0,0,4,.200,.200,.200,.400,13,2,1,0,2,0,0,/1
371,Joe Kelly,24,STL,29,35,33,3,5,2,0,0,2,0,0,0,13,.152,.152,.212,.364,-1,7,0,0,2,0,0,1
372,Matt Kemp,27,LAD,106,449,403,74,122,22,2,23,69,9,4,40,103,.303,.367,.538,.906,147,217,10,3,0,3,8,8
373,Kyle Kendrick,27,PHI,37,45,36,2,5,2,0,0,0,0,0,3,19,.139,.205,.194,.400,9,7,0,0,6,0,0,1
374,Adam Kennedy,36,LAD,86,201,168,22,44,8,1,2,16,1,1,23,33,.262,.345,.357,.702,95,60,5,1,4,5,1,54/37
375,Ian Kennedy,27,ARI,33,73,51,4,4,0,1,0,6,0,0,11,29,.078,.238,.118,.356,-1,6,1,0,10,1,0,1
Rk,,Age,Tm,G,PA,AB,R,H,2B,3B,HR,RBI,SB,CS,BB,SO,BA,OBP,SLG,OPS,OPS+,TB,GDP,HBP,SH,SF,IBB,Pos Summary
376,Clayton Kershaw,24,LAD,34,75,58,2,12,1,0,0,2,0,0,2,19,.207,.230,.224,.454,27,13,2,0,14,1,0,1
377,Dallas Keuchel,24,HOU,17,27,20,1,2,0,0,0,1,0,0,1,10,.100,.136,.100,.236,-34,2,0,0,5,1,0,1
378,Craig Kimbrel,24,ATL,63,0,0,0,0,0,0,0,0,0,0,0,0,,,,,,0,0,0,0,0,0,1
379,Brandon Kintzler,27,MIL,14,0,0,0,0,0,0,0,0,0,0,0,0,,,,,,0,0,0,0,0,0,1
380,Tom Koehler,26,MIA,8,1,1,0,0,0,0,0,0,0,0,0,1,.000,.000,.000,.000,-100,0,0,0,0,0,0,/1
381,Erik Komatsu,24,STL,15,21,19,3,4,0,0,0,0,0,0,2,2,.211,.286,.211,.496,40,4,0,0,0,0,0,/987
382,George Kontos,27,SFG,44,1,1,0,0,0,0,0,0,0,0,0,0,.000,.000,.000,.000,-100,0,0,0,0,0,0,1
383,Mark Kotsay,36,SDP,82,156,143,9,37,8,0,2,14,0,2,11,14,.259,.314,.357,.671,89,51,2,1,0,1,1,7/93
384,George Kottaras,29,MIL,58,116,86,10,18,4,0,3,12,0,0,29,24,.209,.409,.360,.769,109,31,2,0,1,0,1,2/3D
385,Pete Kozma,24,STL,26,82,72,11,24,5,3,2,14,2,0,7,19,.333,.383,.569,.952,157,41,4,0,1,2,1,6/4
386,Erik Kratz,32,PHI,50,157,141,14,35,9,0,9,26,0,0,11,34,.248,.306,.504,.809,114,71,2,2,0,3,2,2
387,Jason Kubel,30,ARI,141,571,506,75,128,30,4,30,90,1,1,57,151,.253,.327,.506,.833,117,256,11,2,0,6,7,7/D9
388,Bryan LaHair,29,CHC,130,380,340,42,88,17,0,16,40,4,2,39,124,.259,.334,.450,.784,113,153,8,0,0,1,3,39/7
389,Brandon Laird,24,HOU,17,37,35,2,9,1,0,1,4,0,0,2,8,.257,.297,.371,.669,82,13,1,0,0,0,0,/53
390,Blake Lalli,29,CHC,6,16,15,1,2,0,0,0,2,0,0,1,3,.133,.188,.133,.321,-10,2,0,0,0,0,0,/23
391,John Lannan,27,WSN,6,11,9,0,1,0,0,0,0,0,0,1,4,.111,.200,.111,.311,-12,1,0,0,1,0,0,/1
392,Adam LaRoche,32,WSN,154,647,571,76,155,35,1,33,100,1,1,67,138,.271,.343,.510,.853,128,291,10,0,0,9,7,3
393,Mat Latos,24,CIN,33,80,65,2,12,1,0,1,4,0,0,3,32,.185,.229,.246,.475,26,16,0,1,10,1,0,1
394,Tommy Layne,27,SDP,26,0,0,0,0,0,0,0,0,0,0,0,0,,,,,,0,0,0,0,0,0,1
395,Brandon League,29,LAD,28,0,0,0,0,0,0,0,0,0,0,0,0,,,,,,0,0,0,0,0,0,1
396,Mike Leake,24,CIN,35,69,61,8,18,3,0,2,3,0,0,1,20,.295,.306,.443,.749,95,27,0,0,7,0,0,1
397,Wade LeBlanc,27,MIA,25,16,12,0,1,1,0,0,0,0,0,0,1,.083,.154,.167,.321,-13,2,1,1,3,0,0,1
398,Sam LeCure,28,CIN,48,2,1,0,0,0,0,0,0,0,0,0,1,.000,.500,.000,.500,49,0,0,1,0,0,0,1
399,Carlos Lee,36,TOT,147,615,550,53,145,27,1,9,77,3,0,58,49,.264,.332,.365,.697,90,201,13,1,0,6,4,3/D
400,Carlos Lee,36,HOU,66,277,258,24,74,15,1,5,29,0,0,19,17,.287,.336,.411,.747,103,106,7,0,0,0,2,3/D
Rk,,Age,Tm,G,PA,AB,R,H,2B,3B,HR,RBI,SB,CS,BB,SO,BA,OBP,SLG,OPS,OPS+,TB,GDP,HBP,SH,SF,IBB,Pos Summary
401,Carlos Lee,36,MIA,81,338,292,29,71,12,0,4,48,3,0,39,32,.243,.328,.325,.654,79,95,6,1,0,6,2,3
402,Cliff Lee,33,PHI,33,71,64,3,10,2,0,0,4,1,0,1,23,.156,.169,.188,.357,-4,12,0,0,6,0,0,1
403,DJ LeMahieu,23,COL,81,247,229,26,68,12,4,2,22,1,2,13,42,.297,.332,.410,.742,86,94,8,0,3,2,4,4/563
404,Sandy Leon#,23,WSN,12,36,30,2,8,2,0,0,2,0,0,4,11,.267,.389,.333,.722,100,10,1,2,0,0,0,2
405,Chris Leroux,28,PIT,10,1,1,0,0,0,0,0,0,0,0,0,0,.000,.000,.000,.000,-100,0,0,0,0,0,0,1
406,Steven Lerud,27,PHI,3,10,10,1,2,0,0,0,0,0,0,0,2,.200,.200,.200,.400,9,2,1,0,0,0,0,/2
407,Fred Lewis,31,NYM,18,25,20,2,3,0,0,0,0,0,0,4,5,.150,.320,.150,.470,37,3,0,1,0,0,1,/798
408,Brad Lidge,35,WSN,11,0,0,0,0,0,0,0,0,0,0,0,0,,,,,,0,0,0,0,0,0,1
409,Ted Lilly,36,LAD,8,20,15,0,1,0,0,0,0,0,0,1,7,.067,.125,.067,.192,-45,1,0,0,4,0,0,/1
410,Tim Lincecum,28,SFG,33,61,45,2,4,0,0,0,3,0,0,6,26,.089,.196,.089,.285,-14,4,0,0,10,0,0,1
411,Brad Lincoln,27,PIT,29,10,10,2,2,0,0,0,0,0,0,0,6,.200,.200,.200,.400,13,2,0,0,0,0,0,1
412,Josh Lindblom,25,TOT,74,0,0,0,0,0,0,0,0,0,0,0,0,,,,,,0,0,0,0,0,0,1
413,Josh Lindblom,25,LAD,48,0,0,0,0,0,0,0,0,0,0,0,0,,,,,,0,0,0,0,0,0,1
414,Josh Lindblom,25,PHI,26,0,0,0,0,0,0,0,0,0,0,0,0,,,,,,0,0,0,0,0,0,1
415,Matt Lindstrom,32,ARI,12,0,0,0,0,0,0,0,0,0,0,0,0,,,,,,0,0,0,0,0,0,1
416,Jeff Locke,24,PIT,8,11,11,0,1,0,0,0,0,0,0,0,7,.091,.091,.091,.182,-49,1,0,0,0,0,0,/1
417,Kameron Loe,30,MIL,70,1,0,0,0,0,0,0,0,0,0,0,0,,,,,,0,0,0,1,0,0,1
418,Kyle Lohse,33,STL,34,79,64,4,6,1,0,0,3,0,0,2,19,.094,.119,.109,.229,-36,7,2,0,12,1,0,1
419,Steve Lombardozzi#,23,WSN,126,416,384,40,105,16,3,3,27,5,3,19,46,.273,.317,.354,.671,83,136,1,6,6,1,1,475/6
420,James Loney,28,LAD,114,359,334,32,85,18,0,4,33,0,3,23,39,.254,.302,.344,.646,79,115,16,0,1,1,7,3
421,Javier Lopez,34,SFG,70,0,0,0,0,0,0,0,0,0,0,0,0,,,,,,0,0,0,0,0,0,1
422,Rodrigo Lopez,36,CHC,4,0,0,0,0,0,0,0,0,0,0,0,0,,,,,,0,0,0,0,0,0,/1
423,Wilton Lopez,28,HOU,64,0,0,0,0,0,0,0,0,0,0,0,0,,,,,,0,0,0,0,0,0,1
424,Shane Loux,32,SFG,19,1,1,0,0,0,0,0,0,0,0,0,0,.000,.000,.000,.000,-100,0,0,0,0,0,0,1
425,Jed Lowrie#,28,HOU,97,387,340,43,83,18,0,16,42,2,0,43,65,.244,.331,.438,.769,108,149,3,2,0,2,0,6
Rk,,Age,Tm,G,PA,AB,R,H,2B,3B,HR,RBI,SB,CS,BB,SO,BA,OBP,SLG,OPS,OPS+,TB,GDP,HBP,SH,SF,IBB,Pos Summary
426,Jonathan Lucroy,26,MIL,96,346,316,46,101,17,4,12,58,4,1,22,44,.320,.368,.513,.881,133,162,12,4,1,3,1,2
427,Ryan Ludwick,33,CIN,125,472,422,53,116,28,1,26,80,0,1,42,97,.275,.346,.531,.877,128,224,9,5,1,2,3,7/D
428,Cory Luebke,27,SDP,5,12,11,0,0,0,0,0,0,0,0,0,6,.000,.000,.000,.000,-100,0,0,0,1,0,0,/1
429,Hector Luna,32,PHI,28,66,62,5,14,2,0,2,10,0,0,4,14,.226,.273,.355,.628,68,22,1,0,0,0,0,3/75
430,Zach Lutz,26,NYM,7,11,11,1,1,0,0,0,0,0,0,0,5,.091,.091,.091,.182,-49,1,0,0,0,0,0,/3
431,Jordan Lyles,21,HOU,26,46,38,3,6,1,0,1,4,0,0,1,18,.158,.179,.263,.443,19,10,0,0,7,0,0,1
432,Lance Lynn,25,STL,35,63,50,4,3,0,0,0,1,0,0,2,36,.060,.094,.060,.154,-56,3,0,0,10,1,0,1
433,Brandon Lyon,32,HOU,37,0,0,0,0,0,0,0,0,0,0,0,0,,,,,,0,0,0,0,0,0,1
434,Mike MacDougal#,35,LAD,7,0,0,0,0,0,0,0,0,0,0,0,0,,,,,,0,0,0,0,0,0,/1
435,Jean Machi,30,SFG,8,0,0,0,0,0,0,0,0,0,0,0,0,,,,,,0,0,0,0,0,0,/1
436,Paul Maholm,30,TOT,32,68,63,2,4,0,0,1,3,0,0,2,38,.063,.092,.111,.203,-45,7,1,0,3,0,0,1
437,Paul Maholm,30,CHC,21,43,39,1,3,0,0,1,3,0,0,2,22,.077,.122,.154,.276,-25,6,1,0,2,0,0,1
438,Paul Maholm,30,ATL,11,25,24,1,1,0,0,0,0,0,0,0,16,.042,.042,.042,.083,-77,1,0,0,1,0,0,1
439,Scott Maine,27,CHC,21,2,2,0,0,0,0,0,0,0,0,0,1,.000,.000,.000,.000,-100,0,0,0,0,0,0,1
440,Carlos Maldonado,33,WSN,4,12,9,0,0,0,0,0,1,0,0,2,4,.000,.182,.000,.182,-44,0,0,0,1,0,0,/2
441,Martin Maldonado,25,MIL,78,256,233,22,62,9,0,8,30,1,1,17,56,.266,.321,.408,.729,94,95,5,2,4,0,0,2/3
442,Shaun Marcum,30,MIL,22,44,38,1,4,1,0,0,1,0,0,3,14,.105,.171,.132,.302,-17,5,0,0,3,0,0,1
443,Carlos Marmol,29,CHC,61,0,0,0,0,0,0,0,0,0,0,0,0,,,,,,0,0,0,0,0,0,1
444,Jason Marquis,33,SDP,17,36,32,3,9,3,0,0,1,0,0,0,12,.281,.303,.375,.678,90,12,0,1,3,0,0,1
445,Sean Marshall,29,CIN,73,0,0,0,0,0,0,0,0,0,0,0,0,,,,,,0,0,0,0,0,0,1
446,Starling Marte,23,PIT,47,182,167,18,43,3,6,5,17,12,5,8,50,.257,.300,.437,.737,104,73,5,3,2,2,0,7/8
447,Victor Marte,31,STL,48,0,0,0,0,0,0,0,0,0,0,0,0,,,,,,0,0,0,0,0,0,1
448,Cristhian Martinez,30,ATL,54,3,3,0,0,0,0,0,0,0,0,0,1,.000,.000,.000,.000,-100,0,0,0,0,0,0,1
449,Fernando Martinez,23,HOU,41,130,118,12,28,7,1,6,14,0,1,6,34,.237,.300,.466,.766,105,55,1,5,0,1,0,7/9
450,J.D. Martinez,24,HOU,113,439,395,34,95,14,3,11,55,0,2,40,96,.241,.311,.375,.685,86,148,18,1,0,2,0,7/D
Rk,,Age,Tm,G,PA,AB,R,H,2B,3B,HR,RBI,SB,CS,BB,SO,BA,OBP,SLG,OPS,OPS+,TB,GDP,HBP,SH,SF,IBB,Pos Summary
451,Joe Martinez,29,ARI,1,0,0,0,0,0,0,0,0,0,0,0,0,,,,,,0,0,0,0,0,0,/1
452,Michael Martinez#,29,PHI,45,122,115,10,20,3,0,2,7,0,0,5,21,.174,.208,.252,.461,24,29,4,0,2,0,2,45/6987
453,Joe Mather,29,CHC,103,243,225,18,47,11,0,5,19,5,2,14,46,.209,.256,.324,.581,58,73,4,1,1,2,1,8759/31
454,Ryan Mattheus,28,WSN,66,1,1,0,0,0,0,0,0,0,0,0,1,.000,.000,.000,.000,-100,0,0,0,0,0,0,1
455,Kevin Mattison,26,MIA,3,5,5,0,0,0,0,0,0,0,0,0,2,.000,.000,.000,.000,-100,0,0,0,0,0,0,/7
456,Justin Maxwell,28,HOU,124,352,315,46,72,13,3,18,53,9,4,32,114,.229,.304,.460,.764,105,145,6,3,0,2,0,879
457,John Mayberry,28,PHI,149,479,441,53,108,24,0,14,46,1,0,34,111,.245,.301,.395,.695,86,174,17,2,0,2,2,783/9D
458,Cameron Maybin,25,SDP,147,561,507,67,123,20,5,8,45,26,7,44,110,.243,.306,.349,.656,85,177,12,4,3,3,1,8
459,Edwin Maysonet,30,MIL,30,66,60,7,15,1,1,1,4,1,0,3,9,.250,.297,.350,.647,73,21,1,1,2,0,0,6/45
460,Matt McBride,27,COL,31,81,78,8,16,2,0,2,11,0,0,1,17,.205,.222,.308,.530,32,24,4,1,0,1,0,9/3
461,Brian McCann,28,ATL,121,487,439,44,101,14,0,20,67,3,0,44,76,.230,.300,.399,.698,87,175,15,1,0,3,7,2/D
462,Kyle McClellan,28,STL,16,1,1,0,0,0,0,0,0,0,0,0,1,.000,.000,.000,.000,-100,0,0,0,0,0,0,1
463,Mike McClendon,27,MIL,9,2,2,0,0,0,0,0,0,0,0,0,1,.000,.000,.000,.000,-100,0,0,0,0,0,0,/1
464,Andrew McCutchen,25,PIT,157,673,593,107,194,29,6,31,96,20,12,70,132,.327,.400,.553,.953,164,328,9,5,0,5,13,8
465,Daniel McCutchen,29,PIT,1,0,0,0,0,0,0,0,0,0,0,0,0,,,,,,0,0,0,0,0,0,/1
466,James McDonald,27,PIT,33,63,49,8,7,0,0,0,1,0,0,8,23,.143,.263,.143,.406,19,7,1,0,6,0,0,1
467,John McDonald,37,ARI,70,213,197,16,49,9,0,6,22,0,1,12,33,.249,.295,.386,.681,79,76,3,1,2,0,5,6/54
468,Casey McGehee,29,PIT,92,293,265,27,61,13,1,8,35,1,1,24,60,.230,.297,.377,.674,88,100,7,2,0,2,0,3/5
469,Collin McHugh,25,NYM,8,4,4,0,0,0,0,0,0,0,0,0,2,.000,.000,.000,.000,-100,0,0,0,0,0,0,/1
470,Michael McKenry,27,PIT,88,275,240,25,56,14,0,12,39,0,0,29,73,.233,.320,.442,.762,111,106,7,3,0,3,1,2
471,Nate McLouth,30,PIT,34,62,57,4,8,2,0,0,2,0,0,5,18,.140,.210,.175,.385,10,10,0,0,0,0,0,/789
472,Kyle McPherson,24,PIT,10,6,5,0,0,0,0,0,0,0,0,1,3,.000,.167,.000,.167,-47,0,0,0,0,0,0,1
473,Kris Medlen#,26,ATL,50,39,33,3,4,1,0,0,2,0,0,4,15,.121,.216,.152,.368,2,5,0,0,2,0,0,1
474,Evan Meek,29,PIT,12,0,0,0,0,0,0,0,0,0,0,0,0,,,,,,0,0,0,0,0,0,1
475,Jenrry Mejia,22,NYM,5,5,3,0,0,0,0,0,1,0,0,0,2,.000,.000,.000,.000,-100,0,0,0,2,0,0,/1
Rk,,Age,Tm,G,PA,AB,R,H,2B,3B,HR,RBI,SB,CS,BB,SO,BA,OBP,SLG,OPS,OPS+,TB,GDP,HBP,SH,SF,IBB,Pos Summary
476,Jordy Mercer,25,PIT,42,68,62,7,13,5,1,1,5,0,1,4,14,.210,.265,.371,.636,76,23,0,1,0,1,0,6/45
477,Devin Mesoraco,24,CIN,54,184,165,17,35,8,0,5,14,1,1,17,33,.212,.288,.352,.640,68,58,2,1,0,1,4,2
478,Jose Mijares,27,SFG,27,1,1,0,0,0,0,0,0,0,0,0,1,.000,.000,.000,.000,-100,0,0,0,0,0,0,1
479,Miles Mikolas,23,SDP,25,3,3,0,0,0,0,0,0,0,0,0,1,.000,.000,.000,.000,-100,0,0,0,0,0,0,1
480,Wade Miley,25,ARI,32,75,65,4,11,2,0,0,2,0,0,2,20,.169,.194,.200,.394,5,13,1,0,8,0,0,1
481,Shelby Miller,21,STL,6,3,3,0,2,1,0,0,0,0,0,0,0,.667,.667,1.000,1.667,350,3,0,0,0,0,0,/1
482,Mike Minor,24,ATL,30,61,55,5,4,1,0,0,0,0,0,2,26,.073,.105,.091,.196,-46,5,1,0,4,0,0,1
483,Yadier Molina,29,STL,138,563,505,65,159,28,0,22,76,12,3,45,55,.315,.373,.501,.874,137,253,10,5,3,5,4,2/3
484,Miguel Montero,28,ARI,141,573,486,65,139,25,2,15,88,0,0,73,130,.286,.391,.438,.829,120,213,15,12,0,2,6,2
485,Scott Moore,28,HOU,72,228,201,23,52,11,0,9,26,0,1,16,56,.259,.330,.448,.778,110,90,3,7,1,3,2,539/47
486,Tyler Moore,25,WSN,75,171,156,20,41,9,0,10,29,3,0,14,46,.263,.327,.513,.840,124,80,3,1,0,0,0,73/9
487,Nyjer Morgan,31,MIL,122,322,289,44,69,5,3,3,16,12,5,20,63,.239,.302,.308,.610,64,89,4,6,7,0,0,897/D
488,Bryan Morris,25,PIT,5,0,0,0,0,0,0,0,0,0,0,0,0,,,,,,0,0,0,0,0,0,/1
489,Logan Morrison,24,MIA,93,334,296,30,68,15,1,11,36,1,0,31,58,.230,.308,.399,.707,91,118,9,4,0,3,2,73/D
490,Mike Morse,30,WSN,102,430,406,53,118,17,1,18,62,0,1,16,97,.291,.321,.470,.791,112,191,14,4,0,4,0,79/D3
491,Charlie Morton,28,PIT,9,15,13,0,0,0,0,0,0,0,0,0,8,.000,.000,.000,.000,-100,0,0,0,2,0,0,/1
492,Guillermo Moscoso,28,COL,23,12,11,0,2,1,0,0,1,0,0,0,5,.182,.182,.273,.455,13,3,0,0,1,0,0,1
493,Dustin Moseley,30,SDP,1,1,1,0,0,0,0,0,0,0,0,0,0,.000,.000,.000,.000,-100,0,0,0,0,0,0,/1
494,Guillermo Mota,38,SFG,26,0,0,0,0,0,0,0,0,0,0,0,0,,,,,,0,0,0,0,0,0,1
495,Jason Motte,30,STL,67,0,0,0,0,0,0,0,0,0,0,0,0,,,,,,0,0,0,0,0,0,1
496,Jamie Moyer,49,COL,10,17,13,1,2,0,0,0,2,0,0,1,10,.154,.214,.154,.368,-5,2,0,0,3,0,0,1
497,Peter Moylan,33,ATL,8,0,0,0,0,0,0,0,0,0,0,0,0,,,,,,0,0,0,0,0,0,/1
498,Edward Mujica,28,TOT,70,0,0,0,0,0,0,0,0,0,0,0,0,,,,,,0,0,0,0,0,0,1
499,Edward Mujica,28,MIA,41,0,0,0,0,0,0,0,0,0,0,0,0,,,,,,0,0,0,0,0,0,1
500,Edward Mujica,28,STL,29,0,0,0,0,0,0,0,0,0,0,0,0,,,,,,0,0,0,0,0,0,1
Rk,,Age,Tm,G,PA,AB,R,H,2B,3B,HR,RBI,SB,CS,BB,SO,BA,OBP,SLG,OPS,OPS+,TB,GDP,HBP,SH,SF,IBB,Pos Summary
501,Daniel Murphy,27,NYM,156,612,571,62,166,40,3,6,65,10,2,36,82,.291,.332,.403,.735,102,230,12,1,0,4,5,43
502,Donnie Murphy,29,MIA,52,129,116,13,25,6,2,3,12,1,1,9,35,.216,.281,.379,.661,78,44,4,2,1,1,1,54/6
503,Brett Myers,31,HOU,35,0,0,0,0,0,0,0,0,0,0,0,0,,,,,,0,0,0,0,0,0,1
504,Xavier Nady,33,TOT,59,166,152,12,28,6,1,4,13,1,0,13,37,.184,.253,.316,.569,57,48,8,1,0,0,2,79
505,Xavier Nady,33,WSN,40,109,102,6,16,3,0,3,6,1,0,7,24,.157,.211,.275,.486,31,28,3,0,0,0,2,79
506,Xavier Nady,33,SFG,19,57,50,6,12,3,1,1,7,0,0,6,13,.240,.333,.400,.733,110,20,5,1,0,0,0,7
507,Chris Narveson,30,MIL,2,3,3,0,0,0,0,0,0,0,0,0,2,.000,.000,.000,.000,-100,0,0,0,0,0,0,/1
508,Dioner Navarro#,28,CIN,24,73,69,6,20,3,1,2,12,0,0,2,12,.290,.306,.449,.755,96,31,1,0,1,1,1,2/D
509,Yamaico Navarro,24,PIT,29,56,50,4,8,0,0,1,4,0,2,5,13,.160,.232,.220,.452,28,11,2,0,0,1,0,/76594
510,Kristopher Negron,26,CIN,4,5,4,2,1,0,0,0,0,0,0,1,2,.250,.400,.250,.650,78,1,0,0,0,0,0,/8
511,Chris Nelson,26,COL,111,377,345,45,104,21,3,9,53,2,1,27,84,.301,.352,.458,.810,102,158,9,1,2,2,4,54/6
512,Juan Nicasio,25,COL,11,21,18,0,2,0,0,0,1,0,0,2,13,.111,.200,.111,.311,-18,2,0,0,1,0,0,1
513,Mike Nickeas,29,NYM,47,122,109,8,19,3,0,1,13,0,0,8,27,.174,.242,.229,.471,32,25,1,2,2,1,0,2/D
514,Jonathon Niese,25,NYM,30,68,55,8,12,0,0,0,2,0,0,6,19,.218,.295,.218,.513,46,12,0,0,7,0,0,1
515,Kirk Nieuwenhuis,24,NYM,91,314,282,40,71,12,1,7,28,4,4,25,98,.252,.315,.376,.691,91,106,2,2,3,2,0,879
516,Wil Nieves,34,TOT,32,89,83,7,25,3,0,2,8,0,1,4,17,.301,.330,.410,.739,89,34,3,0,1,1,2,2/3
517,Wil Nieves,34,COL,16,51,47,3,14,2,0,1,5,0,0,3,9,.298,.333,.404,.738,85,19,3,0,0,1,1,2/3
518,Wil Nieves,34,ARI,16,38,36,4,11,1,0,1,3,0,1,1,8,.306,.324,.417,.741,95,15,0,0,1,0,1,2
519,Laynce Nix,31,PHI,70,127,114,13,28,10,0,3,16,0,0,12,42,.246,.315,.412,.727,94,47,1,0,0,1,0,739/8
520,Ricky Nolasco,29,MIA,31,70,56,4,9,3,0,0,8,0,0,4,27,.161,.217,.214,.431,18,12,0,0,10,0,0,1
521,Bud Norris,27,HOU,30,60,50,2,5,1,0,0,3,0,0,1,15,.100,.115,.120,.235,-35,6,0,0,8,1,0,1
522,Eric O'Flaherty,27,ATL,64,0,0,0,0,0,0,0,0,0,0,0,0,,,,,,0,0,0,0,0,0,1
523,Ross Ohlendorf,29,SDP,13,17,16,2,1,0,0,0,0,0,0,0,8,.063,.063,.063,.125,-65,1,1,0,1,0,0,1
524,Garrett Olson,28,NYM,1,0,0,0,0,0,0,0,0,0,0,0,0,,,,,,0,0,0,0,0,0,/1
525,Logan Ondrusek,27,CIN,63,0,0,0,0,0,0,0,0,0,0,0,0,,,,,,0,0,0,0,0,0,1
Rk,,Age,Tm,G,PA,AB,R,H,2B,3B,HR,RBI,SB,CS,BB,SO,BA,OBP,SLG,OPS,OPS+,TB,GDP,HBP,SH,SF,IBB,Pos Summary
526,Pete Orr,33,PHI,35,57,54,6,17,5,1,0,7,3,1,1,18,.315,.327,.444,.772,106,24,0,0,2,0,0,4/5
527,Rafael Ortega,21,COL,2,6,4,0,2,0,0,0,0,1,0,1,2,.500,.667,.500,1.167,201,2,0,1,0,0,0,/8
528,Dan Otero,27,SFG,12,1,1,0,0,0,0,0,0,0,0,0,1,.000,.000,.000,.000,-100,0,0,0,0,0,0,1
529,Adam Ottavino#,26,COL,53,12,9,1,1,0,0,0,0,0,0,0,7,.111,.111,.111,.222,-44,1,0,0,3,0,0,1
530,Josh Outman,27,COL,28,13,12,0,1,0,0,0,1,0,0,1,8,.083,.154,.083,.237,-38,1,0,0,0,0,0,1
531,Lyle Overbay,35,TOT,65,131,116,12,30,10,0,2,10,0,0,13,34,.259,.331,.397,.727,93,46,4,0,0,1,2,3/D
532,Lyle Overbay,35,ARI,45,110,96,11,28,9,0,2,10,0,0,12,26,.292,.367,.448,.815,115,43,3,0,0,1,2,3/D
533,Lyle Overbay,35,ATL,20,21,20,1,2,1,0,0,0,0,0,1,8,.100,.143,.150,.293,-21,3,1,0,0,0,0,/3
534,Micah Owings,29,SDP,6,2,2,0,0,0,0,0,0,0,0,0,2,.000,.000,.000,.000,-100,0,0,0,0,0,0,/1
535,Jordan Pacheco,26,COL,132,505,475,51,147,32,3,5,54,7,2,22,61,.309,.341,.421,.762,91,200,13,3,1,4,2,53/2
536,Angel Pagan#,30,SFG,154,659,605,95,174,38,15,8,56,29,7,48,97,.288,.338,.440,.778,121,266,6,0,2,4,5,8/D
537,Matt Palmer,33,SDP,3,0,0,0,0,0,0,0,0,0,0,0,0,,,,,,0,0,0,0,0,0,/1
538,Jonathan Papelbon,31,PHI,70,0,0,0,0,0,0,0,0,0,0,0,0,,,,,,0,0,0,0,0,0,1
539,Jimmy Paredes#,23,HOU,24,82,74,7,14,1,1,0,3,2,1,6,21,.189,.244,.230,.474,31,17,0,0,0,2,0,9/47
540,Blake Parker,27,CHC,7,0,0,0,0,0,0,0,0,0,0,0,0,,,,,,0,0,0,0,0,0,/1
541,Bobby Parnell,27,NYM,74,1,0,0,0,0,0,0,0,0,0,0,0,,,,,,0,0,0,1,0,0,1
542,Gerardo Parra,25,ARI,133,430,385,58,105,21,2,7,36,15,9,33,77,.273,.335,.392,.727,93,151,4,4,6,2,4,879
543,Manny Parra,29,MIL,62,1,1,0,0,0,0,0,0,0,0,0,1,.000,.000,.000,.000,-100,0,0,0,0,0,0,1
544,Andy Parrino#,26,SDP,55,138,116,9,24,5,0,1,6,1,0,17,35,.207,.316,.276,.592,69,32,2,2,2,1,7,64/59
545,Tyler Pastornicky,22,ATL,76,188,169,21,41,6,1,2,13,2,0,10,32,.243,.287,.325,.613,65,55,5,1,7,1,1,6/4
546,Joe Paterson,26,ARI,6,0,0,0,0,0,0,0,0,0,0,0,0,,,,,,0,0,0,0,0,0,/1
547,Xavier Paul,27,CIN,55,96,86,8,27,5,1,2,7,4,2,9,18,.314,.379,.465,.844,122,40,2,0,1,0,1,7/9
548,Steve Pearce,29,HOU,21,75,63,2,16,4,1,0,8,1,1,7,16,.254,.347,.349,.696,91,22,3,3,0,2,1,39/7
549,Francisco Peguero,24,SFG,17,16,16,6,3,0,0,0,0,3,0,0,7,.188,.188,.188,.375,8,3,0,0,0,0,0,/79
550,Mike Pelfrey,28,NYM,3,7,6,1,1,1,0,0,0,0,0,0,0,.167,.167,.333,.500,34,2,1,0,1,0,0,/1
Rk,,Age,Tm,G,PA,AB,R,H,2B,3B,HR,RBI,SB,CS,BB,SO,BA,OBP,SLG,OPS,OPS+,TB,GDP,HBP,SH,SF,IBB,Pos Summary
551,Hunter Pence,29,TOT,160,688,617,87,156,26,4,24,104,5,2,56,145,.253,.319,.425,.743,103,262,14,7,1,7,2,9
552,Hunter Pence,29,PHI,101,440,398,59,108,15,2,17,59,4,2,37,85,.271,.336,.447,.784,109,178,13,3,0,2,1,9
553,Hunter Pence,29,SFG,59,248,219,28,48,11,2,7,45,1,0,19,60,.219,.287,.384,.671,91,84,1,4,1,5,1,9
554,Brad Penny,34,SFG,22,1,1,0,0,0,0,0,0,0,0,0,0,.000,.000,.000,.000,-100,0,0,0,0,0,0,1
555,Wily Peralta,23,MIL,6,11,11,0,1,1,0,0,0,0,0,0,5,.091,.091,.182,.273,-29,2,0,0,0,0,0,/1
556,Eury Perez,22,WSN,13,5,5,3,1,0,0,0,0,3,0,0,0,.200,.200,.200,.400,10,1,0,0,0,0,0,/87
557,Juan Perez,33,MIL,10,1,1,0,0,0,0,0,0,0,0,0,1,.000,.000,.000,.000,-100,0,0,0,0,0,0,1
558,Ryan Perry,25,WSN,7,0,0,0,0,0,0,0,0,0,0,0,0,,,,,,0,0,0,0,0,0,/1
559,Bryan Petersen,26,MIA,84,273,241,29,47,9,3,0,17,8,2,25,58,.195,.272,.257,.530,46,62,3,1,5,1,0,78/9
560,Yusmeiro Petit,27,SFG,1,1,1,0,0,0,0,0,0,0,0,0,1,.000,.000,.000,.000,-100,0,0,0,0,0,0,/1
561,Brandon Phillips,31,CIN,147,623,580,86,163,30,1,18,77,15,2,28,79,.281,.321,.429,.750,96,249,19,8,3,4,2,4
562,Denis Phipps,26,CIN,8,11,10,4,3,1,0,1,2,0,0,1,4,.300,.364,.700,1.064,173,7,0,0,0,0,0,/89
563,Juan Pierre,34,PHI,130,439,394,59,121,10,6,1,25,37,7,23,27,.307,.351,.371,.721,95,146,4,4,17,1,0,7
564,Brett Pill,27,SFG,48,114,105,10,22,3,0,4,11,1,0,6,19,.210,.265,.352,.618,76,37,5,2,1,0,1,3/75
565,Placido Polanco,36,PHI,90,328,303,28,78,15,0,2,19,0,0,18,25,.257,.302,.327,.629,70,99,7,2,4,1,1,5
566,A.J. Pollock,24,ARI,31,93,81,8,20,4,1,2,8,1,2,9,11,.247,.315,.395,.710,87,32,2,0,1,2,1,8/79
567,Drew Pomeranz,23,COL,22,31,26,2,6,2,0,1,1,0,0,1,15,.231,.259,.423,.682,68,11,1,0,4,0,0,1
568,Buster Posey,25,SFG,148,610,530,78,178,39,1,24,103,1,1,69,96,.336,.408,.549,.957,172,291,19,2,0,9,7,23/D
569,Martin Prado,28,ATL,156,690,617,81,186,42,6,10,70,17,4,58,69,.301,.359,.438,.796,114,270,19,2,4,9,2,7564/3
570,Alex Presley,26,PIT,104,370,346,46,82,14,7,10,25,9,7,18,72,.237,.279,.405,.683,89,140,5,2,4,0,0,7/98
571,Jason Pridie,28,PHI,9,10,10,1,3,1,0,1,3,0,0,0,0,.300,.300,.700,1.000,159,7,0,0,0,0,0,/89
572,Nick Punto#,34,LAD,22,43,35,6,10,1,0,0,0,1,0,6,9,.286,.390,.314,.705,99,11,0,0,2,0,0,4/5
573,Zach Putnam,24,COL,2,0,0,0,0,0,0,0,0,0,0,0,0,,,,,,0,0,0,0,0,0,/1
574,J.J. Putz,35,ARI,57,0,0,0,0,0,0,0,0,0,0,0,0,,,,,,0,0,0,0,0,0,1
575,Chad Qualls,33,TOT,52,0,0,0,0,0,0,0,0,0,0,0,0,,,,,,0,0,0,0,0,0,1
Rk,,Age,Tm,G,PA,AB,R,H,2B,3B,HR,RBI,SB,CS,BB,SO,BA,OBP,SLG,OPS,OPS+,TB,GDP,HBP,SH,SF,IBB,Pos Summary
576,Chad Qualls,33,PHI,35,0,0,0,0,0,0,0,0,0,0,0,0,,,,,,0,0,0,0,0,0,1
577,Chad Qualls,33,PIT,17,0,0,0,0,0,0,0,0,0,0,0,0,,,,,,0,0,0,0,0,0,1
578,Carlos Quentin,29,SDP,86,340,284,44,74,21,0,16,46,0,1,36,41,.261,.374,.504,.877,145,143,6,17,0,3,2,7/D9
579,Omar Quintanilla,30,NYM,29,80,70,13,18,5,0,1,4,0,0,8,17,.257,.350,.371,.721,100,26,2,2,0,0,1,6/4
580,Brooks Raley,24,CHC,5,10,10,0,2,0,0,0,0,0,0,0,1,.200,.200,.200,.400,11,2,0,0,0,0,0,/1
581,Aramis Ramirez,34,MIL,149,630,570,92,171,50,3,27,105,9,2,44,82,.300,.360,.540,.901,137,308,14,12,0,4,3,5/D
582,Elvin Ramirez,24,NYM,20,1,1,0,0,0,0,0,0,0,0,0,1,.000,.000,.000,.000,-100,0,0,0,0,0,0,1
583,Hanley Ramirez,28,TOT,157,667,604,79,155,29,4,24,92,21,7,54,132,.257,.322,.437,.759,106,264,17,6,0,3,4,56/D
584,Hanley Ramirez,28,MIA,93,395,353,49,87,18,2,14,48,14,4,37,72,.246,.322,.428,.749,102,151,11,3,0,2,1,5/D
585,Hanley Ramirez,28,LAD,64,272,251,30,68,11,2,10,44,7,3,17,60,.271,.324,.450,.774,112,113,6,3,0,1,3,6/5
586,Ramon Ramirez,30,NYM,58,0,0,0,0,0,0,0,0,0,0,0,0,,,,,,0,0,0,0,0,0,1
587,A.J. Ramos,25,MIA,11,0,0,0,0,0,0,0,0,0,0,0,0,,,,,,0,0,0,0,0,0,1
588,Wilson Ramos,24,WSN,25,96,83,11,22,2,0,3,10,0,0,12,19,.265,.354,.398,.752,105,33,1,0,0,1,2,2
589,Cody Ransom,36,TOT,90,282,246,29,54,14,0,11,42,0,1,30,109,.220,.312,.411,.722,91,101,6,3,3,0,0,65/43D
590,Cody Ransom,36,ARI,26,88,78,11,21,7,0,5,16,0,0,7,30,.269,.352,.551,.904,135,43,1,3,0,0,0,5/6D
591,Cody Ransom,36,MIL,64,194,168,18,33,7,0,6,26,0,1,23,79,.196,.293,.345,.638,70,58,5,0,3,0,0,65/43
592,Jon Rauch,33,NYM,73,0,0,0,0,0,0,0,0,0,0,0,0,,,,,,0,0,0,0,0,0,1
593,Anthony Recker,28,CHC,9,21,18,1,3,1,0,1,4,0,0,2,2,.167,.286,.389,.675,83,7,1,1,0,0,0,/23
594,Todd Redmond,27,CIN,1,1,1,0,0,0,0,0,0,0,0,0,1,.000,.000,.000,.000,-100,0,0,0,0,0,0,/1
595,Chris Resop,29,PIT,61,5,3,0,0,0,0,0,0,0,0,1,2,.000,.250,.000,.250,-21,0,0,0,1,0,0,1
596,Jose Reyes#,29,MIA,160,716,642,86,184,37,12,11,57,40,11,63,56,.287,.347,.433,.780,111,278,10,0,5,6,9,6
597,Matt Reynolds,27,COL,71,4,3,0,0,0,0,0,0,0,0,0,2,.000,.000,.000,.000,-100,0,0,0,1,0,0,1
598,Clayton Richard,28,SDP,36,79,69,5,6,2,0,1,7,0,0,1,40,.087,.099,.159,.258,-29,11,1,0,8,1,0,1
599,Juan Rivera,33,LAD,109,339,312,30,76,14,0,9,47,1,3,18,35,.244,.286,.375,.661,81,117,15,3,0,6,1,379/D
600,Anthony Rizzo,22,CHC,87,368,337,44,96,15,0,15,48,3,2,27,62,.285,.342,.463,.805,119,156,7,3,0,1,1,3
Rk,,Age,Tm,G,PA,AB,R,H,2B,3B,HR,RBI,SB,CS,BB,SO,BA,OBP,SLG,OPS,OPS+,TB,GDP,HBP,SH,SF,IBB,Pos Summary
601,Ryan Roberts,31,ARI,83,280,252,28,63,9,0,6,34,6,3,22,45,.250,.306,.357,.663,76,90,10,0,2,4,1,5/47
602,Shane Robinson,27,STL,102,181,166,20,42,8,0,3,16,1,0,14,32,.253,.309,.355,.665,82,59,5,0,0,1,2,879
603,Aneury Rodriguez,24,HOU,1,1,1,0,1,0,0,0,0,0,0,0,0,1.000,1.000,1.000,2.000,450,1,0,0,0,0,0,/1
604,Eddy Rodriguez,26,SDP,2,7,5,1,1,0,0,1,1,0,0,2,3,.200,.429,.800,1.229,236,4,0,0,0,0,0,/2
605,Fernando Rodriguez,28,HOU,71,3,3,0,0,0,0,0,0,0,0,0,2,.000,.000,.000,.000,-100,0,0,0,0,0,0,1
606,Francisco Rodriguez,30,MIL,78,0,0,0,0,0,0,0,0,0,0,0,0,,,,,,0,0,0,0,0,0,1
607,Henry Rodriguez#,22,CIN,12,16,14,0,3,1,0,0,2,0,0,2,2,.214,.313,.286,.598,60,4,1,0,0,0,0,/4
608,Henry Rodriguez,25,WSN,35,0,0,0,0,0,0,0,0,0,0,0,0,,,,,,0,0,0,0,0,0,1
609,Paco Rodriguez,21,LAD,11,0,0,0,0,0,0,0,0,0,0,0,0,,,,,,0,0,0,0,0,0,1
610,Wandy Rodriguez,33,TOT,34,72,61,2,4,0,0,0,2,0,0,3,14,.066,.109,.066,.175,-50,4,0,0,8,0,0,1
611,Wandy Rodriguez,33,HOU,21,45,37,1,0,0,0,0,1,0,0,3,9,.000,.075,.000,.075,-77,0,0,0,5,0,0,1
612,Wandy Rodriguez,33,PIT,13,27,24,1,4,0,0,0,1,0,0,0,5,.167,.167,.167,.333,-6,4,0,0,3,0,0,1
613,Josh Roenicke,29,COL,63,13,12,1,1,0,0,0,0,0,0,0,6,.083,.154,.083,.237,-38,1,0,1,0,0,0,1
614,Esmil Rogers,26,COL,23,2,2,0,0,0,0,0,0,0,0,0,1,.000,.000,.000,.000,-100,0,0,0,0,0,0,1
615,Mark Rogers,26,MIL,8,16,14,1,3,2,0,0,0,0,0,0,5,.214,.214,.357,.571,49,5,0,0,2,0,0,/1
616,Scott Rolen,37,CIN,92,330,294,26,72,17,2,8,39,2,1,30,62,.245,.318,.398,.716,88,117,5,3,0,3,0,5
617,Jimmy Rollins#,33,PHI,156,699,632,102,158,33,5,23,68,30,5,62,96,.250,.316,.427,.743,98,270,9,0,2,3,2,6
618,J.C. Romero#,36,STL,11,0,0,0,0,0,0,0,0,0,0,0,0,,,,,,0,0,0,0,0,0,1
619,Sergio Romo,29,SFG,69,0,0,0,0,0,0,0,0,0,0,0,0,,,,,,0,0,0,0,0,0,1
620,Sandy Rosario,26,MIA,4,0,0,0,0,0,0,0,0,0,0,0,0,,,,,,0,0,0,0,0,0,/1
621,Wilin Rosario,23,COL,117,426,396,67,107,19,0,28,71,4,5,25,99,.270,.312,.530,.843,107,210,10,1,0,4,2,2/53
622,B.J. Rosenberg,26,PHI,22,4,3,0,1,0,0,0,1,0,0,0,1,.333,.333,.333,.667,81,1,0,0,1,0,0,1
623,Trevor Rosenthal,22,STL,19,0,0,0,0,0,0,0,0,0,0,0,0,,,,,,0,0,0,0,0,0,1
624,David Ross,35,ATL,62,196,176,18,45,7,0,9,23,1,0,18,60,.256,.321,.449,.770,105,79,5,0,0,2,0,2
625,Vinny Rottino,32,NYM,18,39,33,8,6,1,0,2,5,3,0,6,9,.182,.308,.394,.702,93,13,0,0,0,0,1,/735D
Rk,,Age,Tm,G,PA,AB,R,H,2B,3B,HR,RBI,SB,CS,BB,SO,BA,OBP,SLG,OPS,OPS+,TB,GDP,HBP,SH,SF,IBB,Pos Summary
626,Darin Ruf,25,PHI,12,37,33,4,11,2,1,3,10,0,0,2,12,.333,.351,.727,1.079,181,24,1,0,0,2,1,/73
627,Justin Ruggiano,30,MIA,91,320,288,38,90,23,1,13,36,14,8,29,84,.313,.374,.535,.909,144,154,6,0,1,1,0,879
628,Carlos Ruiz,33,PHI,114,421,372,56,121,32,0,16,68,4,0,29,50,.325,.394,.540,.935,149,201,6,16,0,4,6,2
629,Dan Runzler,27,SFG,6,0,0,0,0,0,0,0,0,0,0,0,0,,,,,,0,0,0,0,0,0,/1
630,Chris Rusin,25,CHC,7,12,12,0,2,0,1,0,0,0,0,0,5,.167,.167,.333,.500,33,4,0,0,0,0,0,/1
631,James Russell,26,CHC,77,1,1,0,0,0,0,0,0,0,0,0,0,.000,.000,.000,.000,-100,0,0,0,0,0,0,1
632,Josh Rutledge,23,COL,73,291,277,37,76,20,5,8,37,7,0,9,54,.274,.306,.469,.775,92,130,8,4,0,1,0,6/4
633,Marc Rzepczynski,26,STL,70,0,0,0,0,0,0,0,0,0,0,0,0,,,,,,0,0,0,0,0,0,1
634,Takashi Saito,42,ARI,16,0,0,0,0,0,0,0,0,0,0,0,0,,,,,,0,0,0,0,0,0,1
635,Fernando Salas,27,STL,65,1,1,0,0,0,0,0,0,0,0,0,1,.000,.000,.000,.000,-100,0,0,0,0,0,0,1
636,Jeff Samardzija,27,CHC,31,61,50,0,5,0,0,0,3,0,0,3,16,.100,.167,.100,.267,-24,5,1,1,7,0,0,1
637,Brian Sanches,33,PHI,6,1,1,0,0,0,0,0,0,0,0,0,1,.000,.000,.000,.000,-100,0,0,0,0,0,0,/1
638,Anibal Sanchez,28,MIA,19,35,30,1,3,0,1,0,0,0,0,1,18,.100,.129,.167,.296,-20,5,0,0,4,0,0,1
639,Eduardo Sanchez,23,STL,17,0,0,0,0,0,0,0,0,0,0,0,0,,,,,,0,0,0,0,0,0,1
640,Gaby Sanchez,28,TOT,105,326,299,30,65,16,0,7,30,1,0,25,56,.217,.279,.341,.620,70,102,13,1,0,1,2,3
641,Gaby Sanchez,28,MIA,55,196,183,12,37,10,0,3,17,1,0,12,36,.202,.250,.306,.556,51,56,7,0,0,1,1,3
642,Gaby Sanchez,28,PIT,50,130,116,18,28,6,0,4,13,0,0,13,20,.241,.323,.397,.720,101,46,6,1,0,0,1,3
643,Hector Sanchez#,22,SFG,74,227,218,22,61,15,0,3,34,0,0,5,52,.280,.295,.390,.685,95,85,8,1,0,3,0,2/D
644,Jonathan Sanchez,29,COL,3,3,3,0,0,0,0,0,0,0,0,0,3,.000,.000,.000,.000,-100,0,0,0,0,0,0,/1
645,Pablo Sandoval#,25,SFG,108,442,396,59,112,25,2,12,63,1,1,38,59,.283,.342,.447,.789,124,177,13,1,0,7,4,5/3D
646,Jerry Sands,24,LAD,9,24,23,2,4,2,0,0,1,0,0,1,9,.174,.208,.261,.469,29,6,0,0,0,0,0,/739
647,Johan Santana,33,NYM,21,40,35,0,3,0,0,0,0,0,0,0,14,.086,.086,.086,.171,-52,3,0,0,5,0,0,1
648,Dave Sappelt,25,CHC,26,78,69,8,19,6,0,2,8,0,0,7,9,.275,.351,.449,.800,118,31,1,1,1,0,1,9/7
649,Josh Satin,27,NYM,1,1,1,0,0,0,0,0,0,0,0,0,1,.000,.000,.000,.000,-100,0,0,0,0,0,0,
650,Joe Saunders,31,ARI,21,46,35,1,3,0,0,0,1,0,0,3,7,.086,.154,.086,.240,-34,3,0,0,7,1,0,1
Rk,,Age,Tm,G,PA,AB,R,H,2B,3B,HR,RBI,SB,CS,BB,SO,BA,OBP,SLG,OPS,OPS+,TB,GDP,HBP,SH,SF,IBB,Pos Summary
651,Joe Savery,26,PHI,19,2,2,0,0,0,0,0,0,0,0,0,1,.000,.000,.000,.000,-100,0,0,0,0,0,0,1
652,Rob Scahill,25,COL,6,3,1,0,0,0,0,0,0,0,0,1,0,.000,.500,.000,.500,42,0,0,0,1,0,0,/1
653,Jordan Schafer,25,HOU,106,360,313,40,66,10,2,4,23,27,9,36,106,.211,.297,.294,.591,63,92,3,3,6,1,3,8
654,Logan Schafer,25,MIL,16,25,23,3,7,1,2,0,5,0,1,1,3,.304,.320,.522,.842,120,12,0,0,0,1,0,/879
655,Nate Schierholtz,28,TOT,114,269,241,20,62,8,5,6,21,3,2,23,46,.257,.321,.407,.728,104,98,1,1,1,3,2,9/8D
656,Nate Schierholtz,28,SFG,77,196,175,15,44,4,5,5,16,3,2,18,36,.251,.321,.417,.739,110,73,1,1,0,2,2,9/D
657,Nate Schierholtz,28,PHI,37,73,66,5,18,4,0,1,5,0,0,5,10,.273,.319,.379,.698,88,25,0,0,1,1,0,9/8
658,Konrad Schmidt,27,ARI,4,8,7,1,0,0,0,0,2,0,0,1,2,.000,.125,.000,.125,-63,0,0,0,0,0,0,/2
659,Brian Schneider,35,PHI,34,98,89,9,20,5,0,2,7,0,0,5,15,.225,.289,.348,.637,71,31,4,3,1,0,0,2
660,Skip Schumaker,32,STL,107,304,272,37,75,14,4,1,28,1,1,27,50,.276,.339,.368,.707,94,100,6,0,3,2,2,489/7
661,Michael Schwimer,26,PHI,35,0,0,0,0,0,0,0,0,0,0,0,0,,,,,,0,0,0,0,0,0,1
662,Chris Schwinden,25,NYM,3,4,4,0,1,0,0,0,1,0,0,0,1,.250,.250,.250,.500,39,1,0,0,0,0,0,/1
663,Marco Scutaro,36,TOT,156,683,620,87,190,32,4,7,74,9,4,40,49,.306,.348,.405,.753,99,251,12,4,10,9,0,465
664,Marco Scutaro,36,COL,95,415,377,47,102,16,3,4,30,7,3,27,35,.271,.324,.361,.684,73,136,5,4,4,3,0,46
665,Marco Scutaro,36,SFG,61,268,243,40,88,16,1,3,44,2,1,13,14,.362,.385,.473,.859,145,115,7,0,6,6,0,45
666,Jean Segura,22,MIL,44,163,148,19,39,4,3,0,14,7,1,13,21,.264,.321,.331,.652,75,49,1,0,1,1,3,6
667,Justin Sellers,26,LAD,19,50,44,6,9,3,1,1,2,0,0,5,14,.205,.286,.386,.672,84,17,0,0,1,0,1,/654
668,Bryan Shaw#,24,ARI,64,0,0,0,0,0,0,0,0,0,0,0,0,,,,,,0,0,0,0,0,0,1
669,Ben Sheets,33,ATL,9,17,13,0,0,0,0,0,0,0,0,1,6,.000,.071,.000,.071,-78,0,0,0,3,0,0,/1
670,Kelly Shoppach,32,NYM,28,87,79,7,16,2,0,3,10,0,0,5,27,.203,.276,.342,.618,70,27,0,3,0,0,2,2
671,Andrelton Simmons,22,ATL,49,182,166,17,48,8,2,3,19,1,0,12,21,.289,.335,.416,.751,101,69,5,1,0,3,1,6
672,Alfredo Simon,31,CIN,36,4,4,0,0,0,0,0,0,0,0,0,2,.000,.000,.000,.000,-100,0,0,0,0,0,0,1
673,Tyler Skaggs,20,ARI,6,9,7,0,0,0,0,0,0,0,0,0,4,.000,.000,.000,.000,-100,0,0,0,2,0,0,/1
674,Doug Slaten,32,PIT,10,0,0,0,0,0,0,0,0,0,0,0,0,,,,,,0,0,0,0,0,0,1
675,Travis Snider,24,PIT,50,145,128,17,32,5,1,1,9,2,0,14,34,.250,.324,.328,.652,84,42,2,1,0,2,0,9/7
Rk,,Age,Tm,G,PA,AB,R,H,2B,3B,HR,RBI,SB,CS,BB,SO,BA,OBP,SLG,OPS,OPS+,TB,GDP,HBP,SH,SF,IBB,Pos Summary
676,Chris Snyder,31,HOU,76,258,221,23,39,8,0,7,24,0,0,33,70,.176,.295,.308,.602,65,68,5,4,0,0,4,2/3
677,Miguel Socolovich,25,CHC,6,0,0,0,0,0,0,0,0,0,0,0,0,,,,,,0,0,0,0,0,0,/1
678,Donovan Solano,24,MIA,93,316,285,29,84,11,3,2,28,7,0,21,58,.295,.342,.375,.717,95,107,5,2,3,5,1,457/6
679,Jhonatan Solano,26,WSN,12,37,35,6,11,3,0,2,6,1,0,2,5,.314,.351,.571,.923,146,20,0,0,0,0,1,2
680,Ali Solis,24,SDP,5,4,4,0,0,0,0,0,0,0,0,0,2,.000,.000,.000,.000,-100,0,0,0,0,0,0,/2
681,Alfonso Soriano,36,CHC,151,615,561,68,147,33,2,32,108,6,2,44,153,.262,.322,.499,.821,121,280,18,7,0,3,5,7/D
682,Geovany Soto,29,CHC,52,197,176,26,35,6,1,6,14,0,0,19,35,.199,.284,.347,.631,72,61,6,2,0,0,1,2
683,Josh Spence,24,SDP,11,0,0,0,0,0,0,0,0,0,0,0,0,,,,,,0,0,0,0,0,0,1
684,Craig Stammen,28,WSN,59,8,6,0,0,0,0,0,0,0,0,0,4,.000,.000,.000,.000,-100,0,0,0,2,0,0,1
685,Giancarlo Stanton,22,MIA,123,501,449,75,130,30,1,37,86,6,2,46,143,.290,.361,.608,.969,158,273,5,5,0,1,9,9/D
686,Tim Stauffer,30,SDP,1,2,1,0,0,0,0,0,1,0,0,0,0,.000,.000,.000,.000,-100,0,0,0,1,0,0,/1
687,Ian Stewart,27,CHC,55,202,179,16,36,5,2,5,17,0,3,21,46,.201,.292,.335,.627,72,60,5,2,0,0,4,5
688,Josh Stinson,24,MIL,6,1,1,0,0,0,0,0,0,0,0,0,1,.000,.000,.000,.000,-100,0,0,0,0,0,0,/1
689,Drew Storen#,24,WSN,37,0,0,0,0,0,0,0,0,0,0,0,0,,,,,,0,0,0,0,0,0,1
690,Mickey Storey,26,HOU,26,0,0,0,0,0,0,0,0,0,0,0,0,,,,,,0,0,0,0,0,0,1
691,Stephen Strasburg,23,WSN,28,53,47,4,13,4,0,1,7,0,0,3,13,.277,.333,.426,.759,105,20,0,1,2,0,0,1
692,Huston Street,28,SDP,40,0,0,0,0,0,0,0,0,0,0,0,0,,,,,,0,0,0,0,0,0,1
693,Drew Stubbs,27,CIN,136,544,493,75,105,13,2,14,40,30,7,42,166,.213,.277,.333,.610,61,164,2,2,6,1,0,8
694,Eric Stults,32,SDP,18,34,28,3,7,2,0,0,3,0,0,0,10,.250,.250,.321,.571,60,9,1,0,6,0,0,1
695,Michael Stutes,25,PHI,6,0,0,0,0,0,0,0,0,0,0,0,0,,,,,,0,0,0,0,0,0,/1
696,Jeff Suppan,37,SDP,8,14,10,0,1,0,0,0,0,0,0,1,1,.100,.182,.100,.282,-17,1,0,0,3,0,0,/1
697,Drew Sutton#,29,PIT,24,79,74,10,18,8,1,1,7,0,1,4,26,.243,.278,.419,.697,92,31,1,0,0,1,0,7/94
698,Kurt Suzuki,28,WSN,43,164,146,17,39,5,0,5,25,1,0,11,20,.267,.321,.404,.725,96,59,2,2,2,3,3,2
699,Jose Tabata,23,PIT,103,374,333,43,81,20,3,3,16,8,12,29,58,.243,.315,.348,.664,86,116,7,6,6,0,0,97
700,Hisanori Takahashi,37,PIT,9,0,0,0,0,0,0,0,0,0,0,0,0,,,,,,0,0,0,0,0,0,/1
Rk,,Age,Tm,G,PA,AB,R,H,2B,3B,HR,RBI,SB,CS,BB,SO,BA,OBP,SLG,OPS,OPS+,TB,GDP,HBP,SH,SF,IBB,Pos Summary
701,Julio Teheran,21,ATL,2,2,1,0,0,0,0,0,0,0,0,1,0,.000,.500,.000,.500,52,0,0,0,0,0,0,/1
702,Ruben Tejada,22,NYM,114,501,464,53,134,26,0,1,25,4,4,27,73,.289,.333,.351,.685,90,163,9,5,3,2,0,6
703,Blake Tekotte,25,SDP,11,15,15,0,2,0,0,0,0,1,0,0,4,.133,.133,.133,.267,-24,2,0,0,0,0,0,/789
704,Joe Thatcher,30,SDP,55,0,0,0,0,0,0,0,0,0,0,0,0,,,,,,0,0,0,0,0,0,1
705,Dale Thayer,31,SDP,64,0,0,0,0,0,0,0,0,0,0,0,0,,,,,,0,0,0,0,0,0,1
706,Ryan Theriot,32,SFG,104,384,352,45,95,16,1,0,28,13,5,24,47,.270,.316,.321,.637,84,113,12,1,4,3,1,4/7
707,Josh Thole,25,NYM,104,354,321,24,75,15,0,1,21,0,0,27,50,.234,.294,.290,.584,63,93,12,1,4,1,6,2
708,Jim Thome,41,PHI,30,71,62,9,15,2,0,5,15,0,0,8,21,.242,.338,.516,.854,126,32,2,1,0,0,1,/D3
709,Tyler Thornburg,23,MIL,8,5,5,1,1,1,0,0,0,0,0,0,2,.200,.200,.400,.600,55,2,0,0,0,0,0,/1
710,Shawn Tolleson,24,LAD,40,0,0,0,0,0,0,0,0,0,0,0,0,,,,,,0,0,0,0,0,0,1
711,Yorvit Torrealba,33,MIL,5,6,5,0,0,0,0,0,0,0,0,1,2,.000,.167,.000,.167,-50,0,0,0,0,0,0,/2
712,Andres Torres#,34,NYM,132,434,374,47,86,17,7,3,35,13,5,52,90,.230,.327,.337,.664,85,126,9,3,1,2,2,8/D
713,Carlos Torres,29,COL,32,13,9,1,2,0,0,0,1,0,0,1,4,.222,.300,.222,.522,35,2,0,0,3,0,0,1
714,Chad Tracy,32,WSN,73,105,93,7,25,7,0,3,14,0,0,10,15,.269,.343,.441,.784,112,41,1,1,0,1,3,35
715,Matt Treanor,36,LAD,36,122,103,11,18,3,1,2,10,1,1,14,29,.175,.281,.282,.563,57,29,2,2,1,2,2,2
716,Troy Tulowitzki,27,COL,47,203,181,33,52,8,2,8,27,2,2,19,19,.287,.360,.486,.846,111,88,7,2,0,1,1,6
717,Jacob Turner,21,MIA,7,16,14,0,0,0,0,0,0,0,0,0,8,.000,.000,.000,.000,-100,0,0,0,2,0,0,/1
718,Justin Turner,27,NYM,94,185,171,20,46,13,1,2,19,1,1,9,24,.269,.319,.392,.711,96,67,9,4,0,1,0,4356
719,Dan Uggla,32,ATL,154,630,523,86,115,29,0,19,78,4,3,94,168,.220,.348,.384,.732,98,201,8,10,0,3,5,4
720,Justin Upton,24,ARI,150,628,554,107,155,24,4,17,67,18,8,63,121,.280,.355,.430,.785,107,238,7,5,0,6,5,9
721,Juan Uribe,32,LAD,66,179,162,15,31,9,0,2,17,0,1,13,37,.191,.258,.284,.542,50,46,6,2,1,1,0,5/6
722,Chase Utley,33,PHI,83,362,301,48,77,15,2,11,45,11,1,43,43,.256,.365,.429,.793,113,129,4,12,0,6,7,4
723,Luis Valbuena,26,CHC,90,303,265,26,58,20,0,4,28,0,2,36,55,.219,.310,.340,.650,79,90,6,0,0,2,1,5/4
724,Raul Valdes,34,PHI,27,0,0,0,0,0,0,0,0,0,0,0,0,,,,,,0,0,0,0,0,0,1
725,Jordany Valdespin,24,NYM,94,206,191,28,46,9,1,8,26,10,3,10,44,.241,.286,.424,.710,93,81,2,2,3,0,0,7489/6D
Rk,,Age,Tm,G,PA,AB,R,H,2B,3B,HR,RBI,SB,CS,BB,SO,BA,OBP,SLG,OPS,OPS+,TB,GDP,HBP,SH,SF,IBB,Pos Summary
726,Jose Valdez,29,HOU,12,0,0,0,0,0,0,0,0,0,0,0,0,,,,,,0,0,0,0,0,0,1
727,Wilson Valdez,34,CIN,77,208,194,15,40,4,0,0,15,3,1,8,36,.206,.236,.227,.463,24,44,4,0,5,1,0,645/8
728,Rick van den Hurk,27,PIT,4,0,0,0,0,0,0,0,0,0,0,0,0,,,,,,0,0,0,0,0,0,/1
729,Scott Van Slyke,25,LAD,27,57,54,4,9,2,0,2,7,1,0,2,14,.167,.196,.315,.511,39,17,2,0,1,0,0,97/3
730,Anthony Varvaro,27,ATL,12,0,0,0,0,0,0,0,0,0,0,0,0,,,,,,0,0,0,0,0,0,1
731,Gil Velazquez,32,MIA,19,57,56,2,13,1,0,0,2,0,0,1,11,.232,.246,.250,.496,36,14,0,0,0,0,0,5
732,Will Venable,29,SDP,148,470,417,62,110,26,8,9,45,24,6,41,94,.264,.335,.429,.765,114,179,2,5,5,2,2,987
733,Jonny Venters,27,ATL,66,0,0,0,0,0,0,0,0,0,0,0,0,,,,,,0,0,0,0,0,0,1
734,Jose Veras,31,MIL,72,0,0,0,0,0,0,0,0,0,0,0,0,,,,,,0,0,0,0,0,0,1
735,Shane Victorino#,31,TOT,154,666,595,72,152,29,7,11,55,39,6,53,80,.255,.321,.383,.704,91,228,5,6,9,3,1,87/9
736,Shane Victorino#,31,PHI,101,431,387,46,101,17,5,9,40,24,4,35,49,.261,.324,.401,.724,94,155,4,2,5,2,1,8
737,Shane Victorino#,31,LAD,53,235,208,26,51,12,2,2,15,15,2,18,31,.245,.316,.351,.667,85,73,1,4,4,1,0,7/89
738,Pedro Villarreal,24,CIN,1,0,0,0,0,0,0,0,0,0,0,0,0,,,,,,0,0,0,0,0,0,/1
739,Nick Vincent,25,SDP,27,1,1,0,0,0,0,0,0,0,0,0,1,.000,.000,.000,.000,-100,0,0,0,0,0,0,1
740,Josh Vitters,22,CHC,36,109,99,7,12,2,0,2,5,2,0,7,33,.121,.193,.202,.395,9,20,6,2,0,1,0,5
741,Ryan Vogelsong,34,SFG,31,66,54,5,5,1,0,0,0,0,0,3,31,.093,.155,.111,.266,-22,6,1,1,8,0,0,1
742,Edinson Volquez,28,SDP,32,62,56,2,4,1,0,0,1,0,0,1,29,.071,.088,.089,.177,-50,5,0,0,5,0,0,1
743,Chris Volstad,25,CHC,21,34,28,0,5,0,0,0,0,0,0,0,10,.179,.179,.179,.357,-1,5,0,0,6,0,0,1
744,Joey Votto,28,CIN,111,475,374,59,126,44,0,14,56,5,3,94,85,.337,.474,.567,1.041,174,212,8,5,0,2,18,3
745,Adam Wainwright,30,STL,33,72,66,5,8,2,0,1,4,0,0,3,32,.121,.159,.197,.356,-3,13,1,0,3,0,0,1
746,Neil Walker#,26,PIT,129,530,472,62,132,27,0,14,69,7,5,47,104,.280,.342,.426,.768,114,201,11,2,1,8,1,4/D
747,Josh Wall,25,LAD,7,0,0,0,0,0,0,0,0,0,0,0,0,,,,,,0,0,0,0,0,0,/1
748,Brett Wallace,25,HOU,66,254,229,24,58,10,1,9,24,0,0,18,73,.253,.323,.424,.746,102,97,2,6,0,1,1,3/5
749,Chien-Ming Wang,32,WSN,10,7,6,1,1,1,0,0,0,0,0,1,3,.167,.286,.333,.619,68,2,0,0,0,0,0,1
750,Tony Watson,27,PIT,68,1,1,0,0,0,0,0,0,0,0,0,1,.000,.000,.000,.000,-100,0,0,0,0,0,0,1
Rk,,Age,Tm,G,PA,AB,R,H,2B,3B,HR,RBI,SB,CS,BB,SO,BA,OBP,SLG,OPS,OPS+,TB,GDP,HBP,SH,SF,IBB,Pos Summary
751,Ryan Webb,26,MIA,65,1,1,0,0,0,0,0,0,0,0,0,1,.000,.000,.000,.000,-100,0,0,0,0,0,0,1
752,Rickie Weeks,29,MIL,157,677,588,85,135,29,4,21,63,16,3,74,169,.230,.328,.400,.728,94,235,9,13,0,2,2,4/D
753,Kyle Weiland,25,HOU,4,6,5,1,0,0,0,0,0,0,0,0,1,.000,.000,.000,.000,-100,0,0,0,1,0,0,/1
754,Kip Wells,35,SDP,8,14,12,1,1,0,0,0,0,0,0,0,5,.083,.154,.083,.237,-30,1,0,1,1,0,0,/1
755,Randy Wells,29,CHC,12,4,4,0,1,0,0,0,0,0,0,0,2,.250,.250,.250,.500,38,1,0,0,0,0,0,1
756,Andrew Werner,25,SDP,8,14,12,0,1,0,0,0,0,0,0,0,4,.083,.083,.083,.167,-53,1,1,0,2,0,0,/1
757,Jayson Werth,33,WSN,81,344,300,42,90,21,3,5,31,8,2,42,57,.300,.387,.440,.827,125,132,3,1,0,1,2,98
758,Jake Westbrook,34,STL,30,58,49,2,6,1,0,0,0,1,0,4,24,.122,.189,.143,.332,-7,7,1,0,5,0,0,1
759,Ryan Wheeler,23,ARI,50,119,109,11,26,6,1,1,10,1,0,9,22,.239,.294,.339,.634,68,37,4,0,0,1,0,5/3
760,Alex White,23,COL,28,33,28,2,5,1,0,2,5,0,0,0,12,.179,.172,.429,.601,45,12,0,0,4,1,0,1
761,Eli Whiteside,32,SFG,12,14,11,3,1,1,0,0,2,0,0,1,4,.091,.214,.182,.396,16,2,0,1,0,1,0,2
762,Joe Wieland,22,SDP,5,8,8,0,2,1,0,0,2,0,0,0,2,.250,.250,.375,.625,73,3,0,0,0,0,0,/1
763,Ty Wigginton,34,PHI,125,360,315,40,74,11,0,11,43,1,0,37,81,.235,.314,.375,.688,85,118,5,2,0,6,2,35/7
764,Brian Wilson,30,SFG,2,0,0,0,0,0,0,0,0,0,0,0,0,,,,,,0,0,0,0,0,0,/1
765,Jack Wilson,34,ATL,40,77,71,4,12,1,1,0,4,0,0,2,12,.169,.189,.211,.400,8,15,1,0,3,1,1,6/4
766,Justin Wilson,24,PIT,8,0,0,0,0,0,0,0,0,0,0,0,0,,,,,,0,0,0,0,0,0,/1
767,Randy Wolf,35,MIL,26,46,40,3,6,0,0,0,4,0,1,0,11,.150,.146,.150,.296,-20,6,2,0,5,1,0,1
768,Kerry Wood,35,CHC,10,1,1,0,0,0,0,0,0,0,0,0,1,.000,.000,.000,.000,-100,0,0,0,0,0,0,1
769,Travis Wood,25,CHC,28,55,53,5,10,3,0,1,4,0,0,0,20,.189,.189,.302,.491,32,16,1,0,2,0,0,1
770,Vance Worley,24,PHI,23,44,37,0,3,1,0,0,2,0,0,0,13,.081,.081,.108,.189,-49,4,1,0,7,0,0,1
771,David Wright,29,NYM,156,670,581,91,178,41,2,21,93,15,10,81,112,.306,.391,.492,.883,143,286,15,3,0,5,16,5/6
772,Jamey Wright,37,LAD,66,2,2,0,0,0,0,0,0,0,0,0,1,.000,.000,.000,.000,-100,0,0,0,0,0,0,1
773,Wesley Wright,27,HOU,78,3,2,0,0,0,0,0,0,0,0,0,2,.000,.000,.000,.000,-100,0,0,0,1,0,0,1/9
774,Chris Young,28,ARI,101,363,325,36,75,24,0,14,41,8,3,36,79,.231,.311,.434,.745,95,141,4,2,0,0,0,8/D
775,Chris Young,33,NYM,20,36,31,0,4,2,0,0,2,0,0,1,11,.129,.156,.194,.350,-4,6,0,0,4,0,0,1
Rk,,Age,Tm,G,PA,AB,R,H,2B,3B,HR,RBI,SB,CS,BB,SO,BA,OBP,SLG,OPS,OPS+,TB,GDP,HBP,SH,SF,IBB,Pos Summary
776,Eric Young#,27,COL,98,196,174,36,55,7,2,4,15,14,2,13,31,.316,.377,.448,.825,107,78,1,4,5,0,0,89/7D
777,Mike Zagurski,29,ARI,45,0,0,0,0,0,0,0,0,0,0,0,0,,,,,,0,0,0,0,0,0,1
778,Carlos Zambrano#,31,MIA,35,36,34,3,6,0,0,1,2,0,0,0,8,.176,.176,.265,.441,18,9,2,0,2,0,0,1
779,Brad Ziegler,32,ARI,77,4,4,1,1,0,0,0,0,0,0,0,2,.250,.250,.250,.500,34,1,0,0,0,0,0,1
780,Ryan Zimmerman,27,WSN,145,641,578,93,163,36,1,25,95,5,2,57,116,.282,.346,.478,.824,121,276,20,2,0,4,8,5
781,Jordan Zimmermann,26,WSN,32,66,57,5,11,2,0,1,4,0,0,4,13,.193,.246,.281,.527,43,16,1,0,5,0,0,1
782,Barry Zito,34,SFG,32,69,53,3,4,0,0,0,2,0,0,6,12,.075,.169,.075,.245,-26,4,1,0,10,0,0,1
,LgAvg per 600 PA,,,229,600,538,66,136,27,3,15,64,11,4,48,121,.254,.317,.399,.717,,215,11,5,6,4,4,
