1,Fernando Abad,26,HOU,0,6,.000,5.09,37,6,8,0,0,0,46.0,57,27,26,6,19,1,38,3,0,4,208,79,1.652,11.2,1.2,3.7,7.4,2.00
2,Manny Acosta,31,NYM,1,3,.250,6.46,45,0,7,0,0,1,47.1,48,38,34,7,25,1,46,3,0,2,216,60,1.542,9.1,1.3,4.8,8.7,1.84
3,Jeremy Affeldt,33,SFG,1,2,.333,2.70,67,0,10,0,0,3,63.1,57,23,19,1,23,1,57,3,0,5,267,130,1.263,8.1,0.1,3.3,8.1,2.48
4,Jonathan Albaladejo,29,ARI,0,0,,9.00,3,0,0,0,0,0,3.0,5,3,3,1,0,0,2,1,1,0,15,52,1.667,15.0,3.0,0.0,6.0,
5,Matt Albers,29,ARI,1,1,.500,2.57,23,0,4,0,0,0,21.0,16,7,6,3,7,0,19,1,0,1,84,164,1.095,6.9,1.3,3.0,8.1,2.71
6,Hector Ambriz,28,HOU,1,1,.500,4.19,18,0,2,0,0,0,19.1,14,9,9,0,11,2,22,2,0,4,83,97,1.293,6.5,0.0,5.1,10.2,2.00
7,Jose Arredondo,28,CIN,6,2,.750,2.95,66,0,17,0,0,1,61.0,50,26,20,7,34,2,62,1,2,0,263,144,1.377,7.4,1.0,5.0,9.1,1.82
8,Bronson Arroyo,35,CIN,12,10,.545,3.74,32,32,0,1,1,0,202.0,209,86,84,26,35,1,129,5,0,3,835,113,1.208,9.3,1.2,1.6,5.7,3.69
9,Jairo Asencio,28,CHC,0,0,,3.07,12,0,4,0,0,0,14.2,12,6,5,1,11,1,8,0,0,0,67,131,1.568,7.4,0.6,6.8,4.9,0.73
10,Phillippe Aumont,23,PHI,0,1,.000,3.68,18,0,3,0,0,2,14.2,10,6,6,0,9,1,14,1,0,2,65,111,1.295,6.1,0.0,5.5,8.6,1.56
11,Luis Avilan,22,ATL,1,0,1.000,2.00,31,0,2,0,0,0,36.0,27,9,8,1,10,1,33,1,1,3,142,202,1.028,6.8,0.3,2.5,8.3,3.30
12,John Axford,29,MIL,5,8,.385,4.67,75,0,54,0,0,35,69.1,61,42,36,10,39,2,93,2,0,10,310,88,1.442,7.9,1.3,5.1,12.1,2.38
13,Homer Bailey,26,CIN,13,10,.565,3.68,33,33,0,2,1,0,208.0,206,97,85,26,52,3,168,8,0,3,874,115,1.240,8.9,1.1,2.3,7.3,3.23
14,Anthony Bass,24,SDP,2,8,.200,4.73,24,15,3,1,0,1,97.0,89,59,51,10,39,3,80,1,1,5,411,77,1.320,8.3,0.9,3.6,7.4,2.05
15,Antonio Bastardo,26,PHI,2,5,.286,4.33,65,0,10,0,0,1,52.0,40,26,25,7,26,3,81,2,0,5,224,93,1.269,6.9,1.2,4.5,14.0,3.12
16,Miguel Batista,41,TOT,1,3,.250,4.61,35,5,11,0,0,0,52.2,58,30,27,6,33,1,36,1,0,1,244,85,1.728,9.9,1.0,5.6,6.2,1.09
17,Miguel Batista,41,NYM,1,3,.250,4.82,30,5,7,0,0,0,46.2,53,28,25,5,31,0,34,1,0,1,220,80,1.800,10.2,1.0,6.0,6.6,1.10
18,Miguel Batista,41,ATL,0,0,,3.00,5,0,4,0,0,0,6.0,5,2,2,1,2,1,2,0,0,0,24,142,1.167,7.5,1.5,3.0,3.0,1.00
19,Trevor Bauer,21,ARI,1,2,.333,6.06,4,4,0,0,0,0,16.1,14,13,11,2,13,0,17,1,0,2,77,70,1.653,7.7,1.1,7.2,9.4,1.31
20,Brandon Beachy,25,ATL,5,5,.500,2.00,13,13,0,1,1,0,81.0,49,24,18,6,29,1,68,1,0,4,319,200,0.963,5.4,0.7,3.2,7.6,2.34
21,Pedro Beato,25,NYM,0,0,,10.38,7,0,2,0,0,0,4.1,5,5,5,1,2,0,5,0,0,1,20,40,1.615,10.4,2.1,4.2,10.4,2.50
22,Josh Beckett,32,LAD,2,3,.400,2.93,7,7,0,0,0,0,43.0,43,16,14,5,14,4,38,0,0,1,183,131,1.326,9.0,1.0,2.9,8.0,2.71
23,Erik Bedard,33,PIT,7,14,.333,5.01,24,24,0,0,0,0,125.2,129,76,70,14,56,2,118,3,1,1,557,74,1.472,9.2,1.0,4.0,8.5,2.11
24,Ronald Belisario,29,LAD,8,1,.889,2.54,68,0,13,0,0,1,71.0,47,22,20,3,29,4,69,4,0,1,286,150,1.070,6.0,0.4,3.7,8.7,2.38
25,Matt Belisle,32,COL,3,8,.273,3.71,80,0,14,0,0,3,80.0,91,36,33,5,18,6,69,3,1,1,348,129,1.363,10.2,0.6,2.0,7.8,3.83
26,Jeff Beliveau,25,CHC,1,0,1.000,4.58,22,0,4,0,0,0,17.2,21,9,9,5,12,1,17,1,1,1,86,87,1.868,10.7,2.5,6.1,8.7,1.42
27,Heath Bell,34,MIA,4,5,.444,5.09,73,0,41,0,0,19,63.2,70,38,36,5,29,3,59,2,0,2,286,78,1.555,9.9,0.7,4.1,8.3,2.03
28,Brad Bergesen,26,ARI,2,1,.667,3.64,19,0,5,0,0,0,29.2,29,14,12,2,7,0,18,1,0,2,121,115,1.213,8.8,0.6,2.1,5.5,2.57
29,Jason Berken,28,CHC,0,3,.000,4.82,4,4,0,0,0,0,18.2,23,14,10,3,6,0,11,1,0,1,85,83,1.554,11.1,1.4,2.9,5.3,1.83
30,Rafael Betancourt,37,COL,1,4,.200,2.81,60,0,53,0,0,31,57.2,53,19,18,6,12,4,57,0,1,0,236,171,1.127,8.3,0.9,1.9,8.9,4.75
31,Chad Billingsley,27,LAD,10,9,.526,3.55,25,25,0,0,0,0,149.2,148,66,59,11,45,2,128,5,0,5,634,107,1.290,8.9,0.7,2.7,7.7,2.84
32,Travis Blackley,29,SFG,0,0,,9.00,4,0,1,0,0,0,5.0,7,6,5,0,2,0,2,0,0,1,25,42,1.800,12.6,0.0,3.6,3.6,1.00
33,Joe Blanton,31,TOT,10,13,.435,4.71,31,30,1,2,1,0,191.0,207,106,100,29,34,5,166,3,0,5,806,84,1.262,9.8,1.4,1.6,7.8,4.88
34,Joe Blanton,31,PHI,8,9,.471,4.59,21,20,1,2,1,0,133.1,141,74,68,22,18,2,115,3,0,4,560,87,1.193,9.5,1.5,1.2,7.8,6.39
35,Joe Blanton,31,LAD,2,4,.333,4.99,10,10,0,0,0,0,57.2,66,32,32,7,16,3,51,0,0,1,246,76,1.422,10.3,1.1,2.5,8.0,3.19
36,Mitchell Boggs,28,STL,4,1,.800,2.21,78,0,12,0,0,0,73.1,56,20,18,5,21,3,58,4,0,0,296,174,1.050,6.9,0.6,2.6,7.1,2.76
37,Brian Bogusevic,28,HOU,0,0,,18.00,1,0,1,0,0,0,1.0,3,2,2,1,0,0,0,0,0,0,7,31,3.000,27.0,9.0,0.0,0.0,
38,Michael Bowden,25,CHC,0,0,,2.95,30,0,11,0,0,0,36.2,30,12,12,4,16,1,29,1,0,1,154,134,1.255,7.4,1.0,3.9,7.1,1.81
39,Brad Boxberger,24,SDP,0,0,,2.60,24,0,4,0,0,0,27.2,22,12,8,3,18,1,33,2,0,0,120,142,1.446,7.2,1.0,5.9,10.7,1.83
40,Brad Brach,26,SDP,2,4,.333,3.78,67,0,13,0,0,0,66.2,50,28,28,11,33,7,75,2,0,4,280,97,1.245,6.8,1.5,4.5,10.1,2.27
41,Bill Bray,29,CIN,0,0,,5.19,14,0,2,0,0,0,8.2,6,5,5,2,14,0,7,0,0,0,43,85,2.308,6.2,2.1,14.5,7.3,0.50
42,Craig Breslow,31,ARI,2,0,1.000,2.70,40,0,12,0,0,0,43.1,38,15,13,5,13,0,42,1,0,1,180,155,1.177,7.9,1.0,2.7,8.7,3.23
43,Rex Brothers,24,COL,8,2,.800,3.86,75,0,10,0,0,0,67.2,63,33,29,5,37,7,83,1,1,5,295,125,1.478,8.4,0.7,4.9,11.0,2.24
44,Barret Browning,27,STL,1,3,.250,5.12,22,0,4,0,0,0,19.1,18,11,11,2,7,0,11,0,1,1,84,76,1.293,8.4,0.9,3.3,5.1,1.57
45,Jonathan Broxton,28,CIN,3,3,.500,2.82,25,0,7,0,0,4,22.1,20,7,7,1,3,0,20,1,0,0,87,152,1.030,8.1,0.4,1.2,8.1,6.67
46,Tyson Brummett,27,PHI,0,0,,0.00,1,0,1,0,0,0,0.2,2,0,0,0,0,0,2,0,0,0,4,,3.000,27.0,0.0,0.0,27.0,
47,Mark Buehrle,33,MIA,13,13,.500,3.74,31,31,0,1,0,0,202.1,197,88,84,26,40,3,125,4,0,2,828,106,1.171,8.8,1.2,1.8,5.6,3.13
48,Madison Bumgarner,22,SFG,16,11,.593,3.37,32,32,0,2,1,0,208.1,183,87,78,23,49,6,191,7,2,3,849,103,1.114,7.9,1.0,2.1,8.3,3.90
49,A.J. Burnett,35,PIT,16,10,.615,3.51,31,31,0,1,1,0,202.1,189,86,79,18,62,1,180,9,0,10,851,106,1.241,8.4,0.8,2.8,8.0,2.90
50,Sean Burnett,29,WSN,1,2,.333,2.38,70,0,16,0,0,2,56.2,58,16,15,4,12,3,57,3,0,2,239,167,1.235,9.2,0.6,1.9,9.1,4.75
51,Cory Burns,24,SDP,0,1,.000,5.50,17,0,9,0,0,0,18.0,26,11,11,1,10,1,18,1,0,1,92,68,2.000,13.0,0.5,5.0,9.0,1.80
52,Tim Byrdak,38,NYM,2,2,.500,4.40,56,0,4,0,0,0,30.2,18,16,15,2,18,5,34,1,0,0,125,88,1.174,5.3,0.6,5.3,10.0,1.89
53,Alberto Cabrera,23,CHC,1,1,.500,5.40,25,0,6,0,0,0,21.2,16,15,13,1,18,1,27,1,0,5,99,74,1.569,6.6,0.4,7.5,11.2,1.50
54,Edwar Cabrera,24,COL,0,2,.000,11.12,2,2,0,0,0,0,5.2,9,9,7,3,7,1,5,0,0,0,33,45,2.824,14.3,4.8,11.1,7.9,0.71
55,Trevor Cahill,24,ARI,13,12,.520,3.78,32,32,0,2,1,0,200.0,184,93,84,16,74,0,156,11,2,10,839,110,1.290,8.3,0.7,3.3,7.0,2.11
56,Matt Cain,27,SFG,16,5,.762,2.79,32,32,0,2,2,0,219.1,177,73,68,21,51,1,193,9,0,8,876,125,1.040,7.3,0.9,2.1,7.9,3.78
57,Shawn Camp,36,CHC,3,6,.333,3.59,80,0,21,0,0,2,77.2,79,32,31,7,21,4,54,0,0,1,327,109,1.288,9.2,0.8,2.4,6.3,2.57
58,Chris Capuano,33,LAD,12,12,.500,3.72,33,33,0,0,0,0,198.1,188,91,82,25,54,4,162,2,0,6,817,102,1.220,8.5,1.1,2.5,7.4,3.00
59,Chris Carpenter,37,STL,0,2,.000,3.71,3,3,0,0,0,0,17.0,16,7,7,2,3,0,12,2,0,0,72,106,1.118,8.5,1.1,1.6,6.4,4.00
60,David Carpenter,26,HOU,0,2,.000,6.07,30,0,8,0,0,0,29.2,43,21,20,4,14,3,27,1,0,2,143,67,1.921,13.0,1.2,4.2,8.2,1.93
61,D.J. Carrasco,35,NYM,0,0,,7.36,4,0,3,0,0,0,3.2,6,3,3,2,0,0,3,1,0,1,18,58,1.636,14.7,4.9,0.0,7.4,
62,Robert Carson,23,NYM,0,0,,4.73,17,0,2,0,0,0,13.1,13,7,7,2,4,0,5,2,0,0,57,84,1.275,8.8,1.4,2.7,3.4,1.25
63,Andrew Cashner,25,SDP,3,4,.429,4.27,33,5,5,0,0,0,46.1,42,23,22,5,19,1,52,1,0,2,196,86,1.317,8.2,1.0,3.7,10.1,2.74
64,Santiago Casilla,31,SFG,7,6,.538,2.84,73,0,37,0,0,25,63.1,55,24,20,8,22,4,55,2,0,1,272,123,1.216,7.8,1.1,3.1,7.8,2.50
65,Lendy Castillo,23,CHC,0,1,.000,7.88,13,0,2,0,0,0,16.0,24,16,14,2,12,0,13,3,0,2,88,51,2.250,13.5,1.1,6.8,7.3,1.08
66,Xavier Cedeno,25,HOU,0,1,.000,3.77,44,0,12,0,0,1,31.0,30,15,13,3,14,1,36,1,0,3,138,107,1.419,8.7,0.9,4.1,10.5,2.57
67,Jhoulys Chacin,24,COL,3,5,.375,4.43,14,14,0,0,0,0,69.0,80,35,34,10,32,0,45,2,0,3,314,108,1.623,10.4,1.3,4.2,5.9,1.41
68,Aroldis Chapman,24,CIN,5,5,.500,1.51,68,0,52,0,0,38,71.2,35,13,12,4,23,0,122,4,0,4,276,282,0.809,4.4,0.5,2.9,15.3,5.30
69,Jaye Chapman,25,CHC,0,1,.000,3.75,14,0,5,0,0,0,12.0,8,5,5,0,10,2,12,0,0,0,50,108,1.500,6.0,0.0,7.5,9.0,1.20
70,Tyler Chatwood,22,COL,5,6,.455,5.43,19,12,3,0,0,1,64.2,74,43,39,9,33,2,41,0,0,4,294,89,1.655,10.3,1.3,4.6,5.7,1.24
71,Randy Choate,36,TOT,0,0,,3.03,80,0,4,0,0,1,38.2,29,18,13,1,18,3,38,5,0,2,168,131,1.216,6.8,0.2,4.2,8.8,2.11
72,Randy Choate,36,MIA,0,0,,2.49,44,0,4,0,0,1,25.1,16,11,7,0,9,0,27,3,0,2,104,161,0.987,5.7,0.0,3.2,9.6,3.00
73,Randy Choate,36,LAD,0,0,,4.05,36,0,0,0,0,0,13.1,13,7,6,1,9,3,11,2,0,0,64,96,1.650,8.8,0.7,6.1,7.4,1.22
74,Vinnie Chulk,33,MIL,1,0,1.000,10.00,7,0,4,0,0,0,9.0,17,10,10,0,4,1,10,0,0,0,48,43,2.333,17.0,0.0,4.0,10.0,2.50
75,Tony Cingrani,22,CIN,0,0,,1.80,3,0,1,0,0,0,5.0,4,1,1,1,2,0,9,0,0,0,22,252,1.200,7.2,1.8,3.6,16.2,4.50
76,Steve Cishek,26,MIA,5,2,.714,2.69,68,0,36,0,0,15,63.2,54,26,19,3,29,6,68,6,1,1,275,148,1.304,7.6,0.4,4.1,9.6,2.34
77,Maikel Cleto,23,STL,0,0,,7.00,9,0,2,0,0,0,9.0,13,7,7,4,2,0,15,1,0,0,41,57,1.667,13.0,4.0,2.0,15.0,7.50
78,Tyler Clippard,27,WSN,2,6,.250,3.72,74,0,42,0,0,32,72.2,55,32,30,7,29,2,84,2,0,5,307,107,1.156,6.8,0.9,3.6,10.4,2.90
79,Tyler Cloyd,25,PHI,2,2,.500,4.91,6,6,0,0,0,0,33.0,33,18,18,8,7,0,30,2,0,0,138,82,1.212,9.0,2.2,1.9,8.2,4.29
80,Todd Coffey,31,LAD,1,0,1.000,4.66,23,0,5,0,0,0,19.1,17,11,10,1,9,1,18,2,0,1,83,83,1.345,7.9,0.5,4.2,8.4,2.00
81,Casey Coleman,24,CHC,0,2,.000,7.40,17,1,5,0,0,0,24.1,37,20,20,5,12,0,16,0,0,1,119,54,2.014,13.7,1.8,4.4,5.9,1.33
82,Josh Collmenter,26,ARI,5,3,.625,3.69,28,11,7,0,0,0,90.1,92,39,37,13,22,2,80,0,0,1,375,113,1.262,9.2,1.3,2.2,8.0,3.64
83,Jose Contreras,40,PHI,1,0,1.000,5.27,17,0,3,0,0,0,13.2,13,10,8,1,3,0,15,1,0,0,56,78,1.171,8.6,0.7,2.0,9.9,5.00
84,Patrick Corbin,22,ARI,6,8,.429,4.54,22,17,3,0,0,1,107.0,117,56,54,14,25,2,86,4,0,1,454,92,1.327,9.8,1.2,2.1,7.2,3.44
85,Francisco Cordero,37,HOU,0,3,.000,19.80,6,0,1,0,0,0,5.0,13,11,11,2,4,1,5,1,0,1,32,22,3.400,23.4,3.6,7.2,9.0,1.25
86,Manuel Corpas,29,CHC,0,2,.000,5.01,48,0,11,0,0,0,46.2,50,27,26,7,16,3,28,5,0,1,205,79,1.414,9.6,1.4,3.1,5.4,1.75
87,Kevin Correia,31,PIT,12,11,.522,4.21,32,28,0,0,0,0,171.0,176,89,80,20,46,2,89,3,0,2,728,88,1.298,9.3,1.1,2.4,4.7,1.93
88,Juan Cruz,33,PIT,1,1,.500,2.78,43,0,11,0,0,3,35.2,39,12,11,3,19,0,33,3,0,1,162,135,1.626,9.8,0.8,4.8,8.3,1.74
89,Rhiner Cruz,25,HOU,1,1,.500,6.05,52,0,26,0,0,0,55.0,65,38,37,8,29,0,46,2,0,3,253,66,1.709,10.6,1.3,4.7,7.5,1.59
90,Johnny Cueto,26,CIN,19,9,.679,2.78,33,33,0,2,0,0,217.0,205,73,67,15,49,5,170,12,3,1,888,152,1.171,8.5,0.6,2.0,7.1,3.47
91,Justin De Fratus,24,PHI,0,0,,3.38,13,0,2,0,0,0,10.2,7,5,4,0,5,1,8,0,0,1,44,123,1.125,5.9,0.0,4.2,6.8,1.60
92,Jorge De La Rosa,31,COL,0,2,.000,9.28,3,3,0,0,0,0,10.2,17,14,11,5,2,0,6,0,0,2,53,53,1.781,14.3,4.2,1.7,5.1,3.00
93,Rubby De La Rosa,23,LAD,0,0,,27.00,1,0,0,0,0,0,0.2,0,2,2,0,2,0,0,0,0,0,4,23,3.000,0.0,0.0,27.0,0.0,0.00
94,Enerio Del Rosario,26,HOU,0,0,,9.00,19,0,3,0,0,0,19.0,34,21,19,1,7,0,11,2,0,0,97,45,2.158,16.1,0.5,3.3,5.2,1.57
95,Randall Delgado,22,ATL,4,9,.308,4.37,18,17,0,0,0,0,92.2,89,48,45,8,42,4,76,4,1,5,401,92,1.414,8.6,0.8,4.1,7.4,1.81
96,Sam Demel,26,ARI,0,1,.000,9.00,1,0,1,0,0,0,1.0,2,1,1,0,1,1,0,0,0,0,6,63,3.000,18.0,0.0,9.0,0.0,0.00
97,Ryan Dempster,35,CHC,5,5,.500,2.25,16,16,0,0,0,0,104.0,81,28,26,9,27,0,83,1,1,0,417,174,1.038,7.0,0.8,2.3,7.2,3.07
98,Ross Detwiler,26,WSN,10,8,.556,3.40,33,27,1,0,0,0,164.1,149,75,62,15,52,0,105,5,1,4,686,117,1.223,8.2,0.8,2.8,5.8,2.02
99,R.A. Dickey,37,NYM,20,6,.769,2.73,34,33,1,5,3,0,233.2,192,78,71,24,54,2,230,9,1,4,927,140,1.053,7.4,0.9,2.1,8.9,4.26
100,Brandon Dickson,27,STL,0,0,,7.11,4,0,2,0,0,0,6.1,10,7,5,2,2,0,6,0,0,0,32,57,1.895,14.2,2.8,2.8,8.5,3.00
101,Jake Diekman,25,PHI,1,1,.500,3.95,32,0,7,0,0,0,27.1,25,17,12,1,20,3,35,3,0,1,131,102,1.646,8.2,0.3,6.6,11.5,1.75
102,Tim Dillard,28,MIL,0,2,.000,4.38,34,0,15,0,0,0,37.0,45,21,18,3,14,2,29,1,0,0,166,95,1.595,10.9,0.7,3.4,7.1,2.07
103,Rafael Dolis,24,CHC,2,4,.333,6.39,34,0,15,0,0,4,38.0,40,29,27,5,23,1,24,3,0,1,173,62,1.658,9.5,1.2,5.4,5.7,1.04
104,Zach Duke,29,WSN,1,0,1.000,1.32,8,0,3,0,0,0,13.2,11,2,2,0,4,0,10,0,0,0,56,308,1.098,7.2,0.0,2.6,6.6,2.50
105,Mike Dunn,27,MIA,0,3,.000,4.91,60,0,8,0,0,1,44.0,49,31,24,3,29,8,47,0,0,2,208,81,1.773,10.0,0.6,5.9,9.6,1.62
106,Chad Durbin,34,ATL,4,1,.800,3.10,76,0,19,0,0,1,61.0,52,25,21,9,28,3,49,0,0,1,257,130,1.311,7.7,1.3,4.1,7.2,1.75
107,Josh Edgin,25,NYM,1,2,.333,4.56,34,0,6,0,0,0,25.2,19,14,13,5,10,0,30,2,0,0,107,85,1.130,6.7,1.8,3.5,10.5,3.00
108,Steve Edlefsen,27,SFG,0,1,.000,4.70,14,0,6,0,0,0,15.1,20,8,8,1,6,0,9,0,0,0,69,76,1.696,11.7,0.6,3.5,5.3,1.50
109,Jack Egbert,29,NYM,0,0,,0.00,1,0,1,0,0,0,0.2,0,0,0,0,0,0,0,0,0,0,2,,0.000,0.0,0.0,0.0,0.0,
110,Mike Ekstrom,28,COL,0,0,,6.32,15,0,5,0,0,0,15.2,21,11,11,1,2,0,9,0,0,0,72,77,1.468,12.1,0.6,1.1,5.2,4.50
111,Scott Elbert,26,LAD,1,1,.500,2.20,43,0,12,0,0,0,32.2,27,8,8,3,13,1,29,1,0,3,133,174,1.224,7.4,0.8,3.6,8.0,2.23
112,John Ely,26,LAD,0,2,.000,20.25,2,0,1,0,0,0,2.2,6,6,6,0,4,2,3,1,0,0,19,22,3.750,20.3,0.0,13.5,10.1,0.75
113,Nathan Eovaldi,22,TOT,4,13,.235,4.30,22,22,0,0,0,0,119.1,133,59,57,10,47,3,78,3,0,1,526,91,1.508,10.0,0.8,3.5,5.9,1.66
114,Nathan Eovaldi,22,LAD,1,6,.143,4.15,10,10,0,0,0,0,56.1,63,27,26,5,20,2,34,0,0,1,241,92,1.473,10.1,0.8,3.2,5.4,1.70
115,Nathan Eovaldi,22,MIA,3,7,.300,4.43,12,12,0,0,0,0,63.0,70,32,31,5,27,1,44,3,0,0,285,90,1.540,10.0,0.7,3.9,6.3,1.63
116,Edgmer Escalona,25,COL,0,1,.000,6.04,22,0,6,0,0,0,22.1,23,16,15,5,7,1,21,1,0,2,97,80,1.343,9.3,2.0,2.8,8.5,3.00
117,Marco Estrada,28,MIL,5,7,.417,3.64,29,23,0,0,0,0,138.1,129,62,56,18,29,0,143,0,1,4,562,113,1.142,8.4,1.2,1.9,9.3,4.93
118,Jeurys Familia,22,NYM,0,0,,5.84,8,1,4,0,0,0,12.1,10,8,8,0,9,0,10,0,0,0,52,68,1.541,7.3,0.0,6.6,7.3,1.11
119,C.J. Fick,26,TOT,0,1,.000,4.38,20,0,3,0,0,0,24.2,27,14,12,4,18,4,17,2,1,4,116,94,1.824,9.9,1.5,6.6,6.2,0.94
120,C.J. Fick,26,STL,0,0,,5.40,2,0,1,0,0,0,1.2,3,1,1,0,1,0,0,0,0,0,9,88,2.400,16.2,0.0,5.4,0.0,0.00
121,C.J. Fick,26,HOU,0,1,.000,4.30,18,0,2,0,0,0,23.0,24,13,11,4,17,4,17,2,1,4,107,94,1.783,9.4,1.6,6.7,6.7,1.00
122,Mike Fiers,27,MIL,9,10,.474,3.74,23,22,1,0,0,0,127.2,125,56,53,12,36,0,135,2,0,4,539,110,1.261,8.8,0.8,2.5,9.5,3.75
123,Stephen Fife,25,LAD,0,2,.000,2.70,5,5,0,0,0,0,26.2,25,8,8,2,12,0,20,2,0,4,115,143,1.388,8.4,0.7,4.1,6.8,1.67
124,Jeff Francis,31,COL,6,7,.462,5.58,24,24,0,0,0,0,113.0,145,71,70,15,22,5,76,8,0,2,502,86,1.478,11.5,1.2,1.8,6.1,3.45
125,Frank Francisco,32,NYM,1,3,.250,5.53,48,0,38,0,0,23,42.1,47,27,26,5,21,1,47,0,1,2,197,70,1.606,10.0,1.1,4.5,10.0,2.24
126,Sam Freeman,25,STL,0,2,.000,5.40,24,0,7,0,0,0,20.0,17,13,12,2,10,0,18,1,0,0,86,72,1.350,7.7,0.9,4.5,8.1,1.80
127,Christian Friedrich,24,COL,5,8,.385,6.17,16,16,0,0,0,0,84.2,102,61,58,14,30,0,74,2,0,8,377,78,1.559,10.8,1.5,3.2,7.9,2.47
128,Ernesto Frieri,26,SDP,1,0,1.000,2.31,11,0,5,0,0,0,11.2,9,5,3,2,4,0,18,2,0,0,50,163,1.114,6.9,1.5,3.1,13.9,4.50
129,Brian Fuentes,36,STL,0,0,,9.00,6,0,2,0,0,0,5.0,6,5,5,1,5,0,6,0,0,0,26,46,2.200,10.8,1.8,9.0,10.8,1.20
130,Armando Galarraga,30,HOU,0,4,.000,6.75,5,5,0,0,0,0,24.0,28,20,18,6,18,1,17,2,1,1,120,60,1.917,10.5,2.3,6.8,6.4,0.94
131,Yovani Gallardo,26,MIL,16,9,.640,3.66,33,33,0,0,0,0,204.0,185,86,83,26,81,3,204,0,0,5,860,112,1.304,8.2,1.1,3.6,9.0,2.52
132,Christian Garcia,26,WSN,0,0,,2.13,13,0,2,0,0,0,12.2,8,3,3,2,2,0,15,2,0,1,48,191,0.789,5.7,1.4,1.4,10.7,7.50
133,Jaime Garcia,25,STL,7,7,.500,3.92,20,20,0,0,0,0,121.2,136,58,53,7,30,1,98,0,1,12,515,98,1.364,10.1,0.5,2.2,7.2,3.27
134,Matt Garza,28,CHC,5,7,.417,3.91,18,18,0,0,0,0,103.2,90,48,45,15,32,0,96,4,0,1,424,101,1.177,7.8,1.3,2.8,8.3,3.00
135,Chad Gaudin,29,MIA,4,2,.667,4.54,46,0,11,0,0,0,69.1,72,39,35,6,26,5,57,3,1,3,302,87,1.413,9.3,0.8,3.4,7.4,2.19
136,Cory Gearrin,26,ATL,0,1,.000,1.80,22,0,7,0,0,0,20.0,17,4,4,1,5,0,20,2,0,2,80,226,1.100,7.7,0.5,2.3,9.0,4.00
137,Dillon Gee,26,NYM,6,7,.462,4.10,17,17,0,0,0,0,109.2,108,56,50,12,29,0,97,6,1,0,463,94,1.249,8.9,1.0,2.4,8.0,3.34
138,Justin Germano,29,CHC,2,10,.167,6.75,13,12,0,0,0,0,64.0,81,52,48,7,19,2,45,7,0,4,296,58,1.563,11.4,1.0,2.7,6.3,2.37
139,Edgar Gonzalez,29,HOU,3,1,.750,5.04,6,6,0,0,0,0,25.0,23,14,14,3,8,0,18,0,0,1,105,80,1.240,8.3,1.1,2.9,6.5,2.25
140,Gio Gonzalez,26,WSN,21,8,.724,2.89,32,32,0,2,1,0,199.1,149,69,64,9,76,3,207,5,1,10,822,137,1.129,6.7,0.4,3.4,9.3,2.72
141,Mike Gonzalez,34,WSN,0,0,,3.03,47,0,13,0,0,0,35.2,31,14,12,2,16,0,39,0,1,2,151,132,1.318,7.8,0.5,4.0,9.8,2.44
142,Tom Gorzelanny,29,WSN,4,2,.667,2.88,45,1,11,0,0,1,72.0,65,27,23,7,30,1,62,2,0,4,306,138,1.319,8.1,0.9,3.8,7.8,2.07
143,Luke Gregerson,28,SDP,2,0,1.000,2.39,77,0,15,0,0,9,71.2,57,19,19,7,21,3,72,3,0,3,294,153,1.088,7.2,0.9,2.6,9.0,3.43
144,Zack Greinke,28,MIL,9,3,.750,3.44,21,21,0,0,0,0,123.0,120,49,47,7,28,0,122,0,0,4,504,120,1.203,8.8,0.5,2.0,8.9,4.36
145,Jason Grilli,35,PIT,1,6,.143,2.91,64,0,11,0,0,2,58.2,45,20,19,7,22,4,90,2,0,0,244,128,1.142,6.9,1.1,3.4,13.8,4.09
146,Javy Guerra,26,LAD,2,3,.400,2.60,45,0,17,0,0,8,45.0,44,13,13,1,23,5,37,1,0,1,196,147,1.489,8.8,0.2,4.6,7.4,1.61
147,Matt Guerrier,33,LAD,0,2,.000,3.86,16,0,2,0,0,0,14.0,8,6,6,3,7,1,9,1,0,0,56,101,1.071,5.1,1.9,4.5,5.8,1.29
148,Jeremy Guthrie,33,COL,3,9,.250,6.35,19,15,0,0,0,0,90.2,122,72,64,21,31,2,45,7,1,1,422,76,1.688,12.1,2.1,3.1,4.5,1.45
149,Eric Hacker,29,SFG,0,1,.000,5.59,4,1,2,0,0,0,9.2,14,6,6,2,2,1,8,1,0,0,45,65,1.655,13.0,1.9,1.9,7.4,4.00
150,Roy Halladay,35,PHI,11,8,.579,4.49,25,25,0,0,0,0,156.1,155,78,78,18,36,0,132,5,0,2,646,89,1.222,8.9,1.0,2.1,7.6,3.67
151,Cole Hamels,28,PHI,17,6,.739,3.05,31,31,0,2,2,0,215.1,190,80,73,24,52,3,216,3,2,3,867,131,1.124,7.9,1.0,2.2,9.0,4.15
152,Justin Hampson,32,NYM,0,0,,1.80,13,0,1,0,0,0,10.0,6,4,2,0,5,0,4,0,0,0,37,221,1.100,5.4,0.0,4.5,3.6,0.80
153,Brad Hand,22,MIA,0,1,.000,17.18,1,1,0,0,0,0,3.2,6,7,7,1,6,1,3,0,0,0,23,25,3.273,14.7,2.5,14.7,7.4,0.50
154,Joel Hanrahan,30,PIT,5,2,.714,2.72,63,0,57,0,0,36,59.2,40,18,18,8,36,0,67,1,0,6,254,138,1.274,6.0,1.2,5.4,10.1,1.86
155,Tommy Hanson,25,ATL,13,10,.565,4.48,31,31,0,0,0,0,174.2,183,95,87,27,71,5,161,5,0,6,761,89,1.454,9.4,1.4,3.7,8.3,2.27
156,J.A. Happ,29,HOU,7,9,.438,4.83,18,18,0,0,0,0,104.1,112,58,56,17,39,0,98,1,0,5,457,83,1.447,9.7,1.5,3.4,8.5,2.51
157,Aaron Harang,34,LAD,10,10,.500,3.61,31,31,0,0,0,0,179.2,167,85,72,14,85,10,131,4,0,4,786,105,1.403,8.4,0.7,4.3,6.6,1.54
158,Lucas Harrell,27,HOU,11,11,.500,3.76,32,32,0,1,1,0,193.2,185,90,81,13,78,5,140,1,3,10,827,106,1.358,8.6,0.6,3.6,6.5,1.79
159,Will Harris,27,COL,1,1,.500,8.15,20,0,10,0,0,0,17.2,27,18,16,3,6,1,19,1,0,4,89,60,1.868,13.8,1.5,3.1,9.7,3.17
160,Matt Harvey,23,NYM,3,5,.375,2.73,10,10,0,0,0,0,59.1,42,19,18,5,26,0,70,3,0,3,245,141,1.146,6.4,0.8,3.9,10.6,2.69
161,Chris Hatcher,27,MIA,0,0,,4.30,11,0,7,0,0,0,14.2,17,9,7,3,6,0,10,1,0,1,66,94,1.568,10.4,1.8,3.7,6.1,1.67
162,Jeremy Hefner,26,NYM,4,7,.364,5.09,26,13,5,0,0,0,93.2,110,55,53,9,18,1,62,2,0,7,408,76,1.367,10.6,0.9,1.7,6.0,3.44
163,Jim Henderson,29,MIL,1,3,.250,3.52,36,0,6,0,0,3,30.2,26,12,12,1,13,0,45,1,0,1,131,118,1.272,7.6,0.3,3.8,13.2,3.46
164,Clay Hensley,32,SFG,4,5,.444,4.62,60,0,14,0,0,3,50.2,50,30,26,5,30,2,42,3,0,1,234,76,1.579,8.9,0.9,5.3,7.5,1.40
165,David Hernandez,27,ARI,2,3,.400,2.50,72,0,21,0,0,4,68.1,48,21,19,4,22,1,98,3,1,4,278,167,1.024,6.3,0.5,2.9,12.9,4.45
166,Livan Hernandez,37,TOT,4,1,.800,6.42,44,0,17,0,0,1,67.1,84,48,48,15,16,4,48,1,0,2,292,64,1.485,11.2,2.0,2.1,6.4,3.00
167,Livan Hernandez,37,ATL,1,1,.500,4.94,18,0,8,0,0,1,31.0,40,17,17,5,8,4,19,0,0,0,136,82,1.548,11.6,1.5,2.3,5.5,2.38
168,Livan Hernandez,37,MIL,3,0,1.000,7.68,26,0,9,0,0,0,36.1,44,31,31,10,8,0,29,1,0,2,156,54,1.431,10.9,2.5,2.0,7.2,3.63
169,David Herndon,26,PHI,0,1,.000,4.70,5,0,2,0,0,0,7.2,10,4,4,1,1,0,8,0,0,0,33,89,1.435,11.7,1.2,1.2,9.4,8.00
170,Alex Hinshaw,29,TOT,1,1,.500,6.04,33,0,7,0,0,0,28.1,27,19,19,8,21,2,36,2,0,1,135,62,1.694,8.6,2.5,6.7,11.4,1.71
171,Alex Hinshaw,29,SDP,1,1,.500,4.50,31,0,7,0,0,0,28.0,23,14,14,5,20,2,36,2,0,1,129,82,1.536,7.4,1.6,6.4,11.6,1.80
172,Alex Hinshaw,29,CHC,0,0,,135.00,2,0,0,0,0,0,0.1,4,5,5,3,1,0,0,0,0,0,6,6,15.000,108.0,81.0,27.0,0.0,0.00
173,J.J. Hoover,24,CIN,1,0,1.000,2.05,28,0,6,0,0,1,30.2,17,7,7,2,13,1,31,0,0,0,123,208,0.978,5.0,0.6,3.8,9.1,2.38
174,Jeremy Horst,26,PHI,2,0,1.000,1.15,32,0,9,0,0,0,31.1,21,8,4,1,14,1,40,1,0,1,125,352,1.117,6.0,0.3,4.0,11.5,2.86
175,Daniel Hudson,25,ARI,3,2,.600,7.35,9,9,0,0,0,0,45.1,62,37,37,9,12,0,37,0,0,2,202,57,1.632,12.3,1.8,2.4,7.3,3.08
176,Tim Hudson,36,ATL,16,7,.696,3.62,28,28,0,1,1,0,179.0,168,77,72,12,48,2,102,9,0,3,749,110,1.207,8.4,0.6,2.4,5.1,2.13
177,Jared Hughes,26,PIT,2,2,.500,2.85,66,0,20,0,0,2,75.2,65,30,24,7,22,4,50,5,0,5,316,131,1.150,7.7,0.8,2.6,5.9,2.27
178,Edwin Jackson,28,WSN,10,11,.476,4.03,31,31,0,1,0,0,189.2,173,90,85,23,58,5,168,2,0,3,790,98,1.218,8.2,1.1,2.8,8.0,2.90
179,Kenley Jansen,24,LAD,5,3,.625,2.35,65,0,40,0,0,25,65.0,33,18,17,6,22,1,99,3,0,3,252,162,0.846,4.6,0.8,3.0,13.7,4.50
180,Dan Jennings,25,MIA,1,0,1.000,1.89,22,0,4,0,0,0,19.0,18,5,4,2,11,1,8,2,0,0,86,213,1.526,8.5,0.9,5.2,3.8,0.73
181,Josh Johnson,28,MIA,8,14,.364,3.81,31,31,0,0,0,0,191.1,180,84,81,14,65,7,165,4,0,5,798,104,1.280,8.5,0.7,3.1,7.8,2.54
182,Rob Johnson,29,NYM,0,0,,0.00,1,0,1,0,0,0,1.0,0,0,0,0,0,0,1,0,0,0,3,,0.000,0.0,0.0,0.0,9.0,
183,Jair Jurrjens,26,ATL,3,4,.429,6.89,11,10,1,0,0,0,48.1,72,40,37,8,18,0,19,1,0,1,227,58,1.862,13.4,1.5,3.4,3.5,1.06
184,Jeff Karstens,29,PIT,5,4,.556,3.97,19,15,0,0,0,0,90.2,89,41,40,8,15,0,66,1,1,3,372,94,1.147,8.8,0.8,1.5,6.6,4.40
185,Casey Kelly,22,SDP,2,3,.400,6.21,6,6,0,0,0,0,29.0,39,23,20,5,10,1,26,2,0,0,136,59,1.690,12.1,1.6,3.1,8.1,2.60
186,Joe Kelly,24,STL,5,7,.417,3.53,24,16,4,0,0,0,107.0,112,50,42,10,36,2,75,3,0,4,457,109,1.383,9.4,0.8,3.0,6.3,2.08
187,Kyle Kendrick,27,PHI,11,12,.478,3.90,37,25,2,1,1,0,159.1,154,76,69,20,49,4,116,7,0,1,674,103,1.274,8.7,1.1,2.8,6.6,2.37
188,Ian Kennedy,27,ARI,15,12,.556,4.02,33,33,0,1,0,0,208.1,216,101,93,28,55,4,187,14,4,5,899,103,1.301,9.3,1.2,2.4,8.1,3.40
189,Clayton Kershaw,24,LAD,14,9,.609,2.53,33,33,0,2,2,0,227.2,170,70,64,16,63,5,229,5,2,6,901,150,1.023,6.7,0.6,2.5,9.1,3.63
190,Dallas Keuchel,24,HOU,3,8,.273,5.27,16,16,0,1,0,0,85.1,93,56,50,14,39,1,38,1,0,2,377,76,1.547,9.8,1.5,4.1,4.0,0.97
191,Craig Kimbrel,24,ATL,3,1,.750,1.01,63,0,56,0,0,42,62.2,27,7,7,3,14,0,116,2,0,5,231,399,0.654,3.9,0.4,2.0,16.7,8.29
192,Brandon Kintzler,27,MIL,3,0,1.000,3.78,14,0,1,0,0,0,16.2,18,7,7,1,7,1,14,0,0,1,72,111,1.500,9.7,0.5,3.8,7.6,2.00
193,Tom Koehler,26,MIA,0,1,.000,5.40,8,1,0,0,0,0,13.1,15,8,8,4,2,1,13,0,0,0,56,75,1.275,10.1,2.7,1.4,8.8,6.50
194,George Kontos,27,SFG,2,1,.667,2.47,44,0,9,0,0,0,43.2,34,15,12,3,12,0,44,0,0,1,177,142,1.053,7.0,0.6,2.5,9.1,3.67
195,John Lannan,27,WSN,4,1,.800,4.13,6,6,0,0,0,0,32.2,33,15,15,0,14,1,17,4,0,1,144,97,1.439,9.1,0.0,3.9,4.7,1.21
196,Mat Latos,24,CIN,14,4,.778,3.48,33,33,0,2,0,0,209.1,179,87,81,25,64,9,185,4,1,3,858,122,1.161,7.7,1.1,2.8,8.0,2.89
197,Tommy Layne,27,SDP,2,0,1.000,3.24,26,0,5,0,0,2,16.2,9,6,6,0,3,0,25,3,0,0,68,115,0.720,4.9,0.0,1.6,13.5,8.33
198,Wade LeBlanc,27,MIA,2,5,.286,3.67,25,9,1,0,0,0,68.2,71,30,28,7,19,1,43,1,0,1,284,108,1.311,9.3,0.9,2.5,5.6,2.26
199,Sam LeCure,28,CIN,3,3,.500,3.14,48,0,12,0,0,0,57.1,46,22,20,3,23,2,61,1,0,2,237,136,1.203,7.2,0.5,3.6,9.6,2.65
200,Brandon League,29,LAD,2,1,.667,2.30,28,0,15,0,0,6,27.1,17,7,7,0,14,4,27,1,0,1,108,167,1.134,5.6,0.0,4.6,8.9,1.93
201,Mike Leake,24,CIN,8,9,.471,4.58,30,30,0,2,0,0,179.0,201,97,91,26,41,3,116,3,0,3,757,93,1.352,10.1,1.3,2.1,5.8,2.83
202,Cliff Lee,33,PHI,6,9,.400,3.16,30,30,0,0,0,0,211.0,207,79,74,26,28,0,207,0,0,4,847,127,1.114,8.8,1.1,1.2,8.8,7.39
203,Chris Leroux,28,PIT,0,0,,5.56,10,0,3,0,0,0,11.1,11,9,7,1,2,0,12,1,0,1,48,69,1.147,8.7,0.8,1.6,9.5,6.00
204,Brad Lidge,35,WSN,0,1,.000,9.64,11,0,4,0,0,2,9.1,12,10,10,1,11,5,10,0,0,0,51,43,2.464,11.6,1.0,10.6,9.6,0.91
205,Ted Lilly,36,LAD,5,1,.833,3.14,8,8,0,0,0,0,48.2,36,23,17,3,19,1,31,2,0,3,202,122,1.130,6.7,0.6,3.5,5.7,1.63
206,Tim Lincecum,28,SFG,10,15,.400,5.18,33,33,0,0,0,0,186.0,183,111,107,23,90,3,190,4,2,17,825,67,1.468,8.9,1.1,4.4,9.2,2.11
207,Brad Lincoln,27,PIT,4,2,.667,2.73,28,5,6,0,0,1,59.1,51,19,18,8,14,1,60,1,0,0,239,137,1.096,7.7,1.2,2.1,9.1,4.29
208,Josh Lindblom,25,TOT,3,5,.375,3.55,74,0,18,0,0,1,71.0,61,31,28,13,35,2,70,4,0,2,304,110,1.352,7.7,1.6,4.4,8.9,2.00
209,Josh Lindblom,25,LAD,2,2,.500,3.02,48,0,12,0,0,0,47.2,42,16,16,9,18,0,43,3,0,1,197,127,1.259,7.9,1.7,3.4,8.1,2.39
210,Josh Lindblom,25,PHI,1,3,.250,4.63,26,0,6,0,0,1,23.1,19,15,12,4,17,2,27,1,0,1,107,88,1.543,7.3,1.5,6.6,10.4,1.59
211,Matt Lindstrom,32,ARI,0,0,,2.53,12,0,3,0,0,0,10.2,10,3,3,0,2,0,10,1,0,0,45,170,1.125,8.4,0.0,1.7,8.4,5.00
212,Jeff Locke,24,PIT,1,3,.250,5.50,8,6,1,0,0,0,34.1,36,21,21,6,11,0,34,1,0,0,148,68,1.369,9.4,1.6,2.9,8.9,3.09
213,Kameron Loe,30,MIL,6,5,.545,4.61,70,0,20,0,0,2,68.1,78,41,35,9,20,3,55,3,0,4,303,90,1.434,10.3,1.2,2.6,7.2,2.75
214,Kyle Lohse,33,STL,16,3,.842,2.86,33,33,0,0,0,0,211.0,192,74,67,19,38,1,143,4,0,1,864,134,1.090,8.2,0.8,1.6,6.1,3.76
215,Javier Lopez,34,SFG,3,0,1.000,2.50,70,0,19,0,0,7,36.0,37,13,10,1,14,3,28,0,0,2,153,141,1.417,9.3,0.3,3.5,7.0,2.00
216,Rodrigo Lopez,36,CHC,0,1,.000,5.68,4,0,2,0,0,0,6.1,8,6,4,0,5,0,2,1,0,0,34,73,2.053,11.4,0.0,7.1,2.8,0.40
217,Wilton Lopez,28,HOU,6,3,.667,2.17,64,0,28,0,0,10,66.1,61,18,16,4,8,2,54,2,0,1,260,185,1.040,8.3,0.5,1.1,7.3,6.75
218,Shane Loux,32,SFG,1,0,1.000,4.97,19,0,6,0,0,0,25.1,32,15,14,3,9,1,9,0,0,1,112,71,1.618,11.4,1.1,3.2,3.2,1.00
219,Cory Luebke,27,SDP,3,1,.750,2.61,5,5,0,0,0,0,31.0,28,10,9,1,8,0,23,0,0,0,130,141,1.161,8.1,0.3,2.3,6.7,2.88
220,Jordan Lyles,21,HOU,5,12,.294,5.09,25,25,0,1,1,0,141.1,159,97,80,20,42,4,99,5,0,2,628,79,1.422,10.1,1.3,2.7,6.3,2.36
221,Lance Lynn,25,STL,18,7,.720,3.78,35,29,2,0,0,0,176.0,168,76,74,16,64,3,180,10,0,3,744,102,1.318,8.6,0.8,3.3,9.2,2.81
222,Brandon Lyon,32,HOU,0,2,.000,3.25,37,0,11,0,0,0,36.0,37,13,13,3,11,2,35,2,0,5,154,124,1.333,9.3,0.8,2.8,8.8,3.18
223,Mike MacDougal,35,LAD,0,0,,7.94,7,0,1,0,0,0,5.2,9,5,5,0,6,0,4,0,0,0,32,51,2.647,14.3,0.0,9.5,6.4,0.67
224,Jean Machi,30,SFG,0,0,,6.75,8,0,5,0,0,0,6.2,7,5,5,2,1,0,4,0,0,0,28,55,1.200,9.5,2.7,1.4,5.4,4.00
225,Paul Maholm,30,TOT,13,11,.542,3.67,32,31,0,1,1,0,189.0,178,80,77,20,53,3,140,11,0,5,786,108,1.222,8.5,1.0,2.5,6.7,2.64
226,Paul Maholm,30,CHC,9,6,.600,3.74,21,20,0,0,0,0,120.1,115,51,50,12,34,2,81,10,0,4,503,105,1.238,8.6,0.9,2.5,6.1,2.38
227,Paul Maholm,30,ATL,4,5,.444,3.54,11,11,0,1,1,0,68.2,63,29,27,8,19,1,59,1,0,1,283,113,1.194,8.3,1.0,2.5,7.7,3.11
228,Scott Maine,27,CHC,1,1,.500,4.79,21,0,5,0,0,0,20.2,17,11,11,2,12,0,26,4,0,2,94,83,1.403,7.4,0.9,5.2,11.3,2.17
229,Shaun Marcum,30,MIL,7,4,.636,3.70,21,21,0,0,0,0,124.0,116,57,51,16,41,2,109,4,2,3,527,111,1.266,8.4,1.2,3.0,7.9,2.66
230,Carlos Marmol,29,CHC,3,3,.500,3.42,61,0,47,0,0,20,55.1,40,24,21,4,45,0,72,2,0,2,247,115,1.536,6.5,0.7,7.3,11.7,1.60
231,Jason Marquis,33,SDP,6,7,.462,4.04,15,15,0,1,1,0,93.2,94,53,42,14,28,3,79,1,0,5,401,90,1.302,9.0,1.3,2.7,7.6,2.82
232,Sean Marshall,29,CIN,5,5,.500,2.51,73,0,22,0,0,9,61.0,55,18,17,3,16,2,74,3,1,1,256,170,1.164,8.1,0.4,2.4,10.9,4.63
233,Victor Marte,31,STL,3,2,.600,4.91,48,0,5,0,0,0,40.1,51,22,22,6,14,2,36,2,0,1,185,79,1.612,11.4,1.3,3.1,8.0,2.57
234,Cristhian Martinez,30,ATL,5,4,.556,3.91,54,0,26,0,0,1,73.2,80,33,32,6,19,4,65,0,1,2,313,103,1.344,9.8,0.7,2.3,7.9,3.42
235,Joe Martinez,29,ARI,0,0,,9.00,1,0,1,0,0,0,1.0,2,1,1,0,0,0,1,0,0,0,5,63,2.000,18.0,0.0,0.0,9.0,
236,Joe Mather,29,CHC,0,0,,0.00,1,0,1,0,0,0,0.1,1,0,0,0,0,0,0,0,0,0,2,,3.000,27.0,0.0,0.0,0.0,
237,Ryan Mattheus,28,WSN,5,3,.625,2.85,66,0,11,0,0,0,66.1,57,22,21,8,19,5,41,3,0,3,265,139,1.146,7.7,1.1,2.6,5.6,2.16
238,Kyle McClellan,28,STL,0,1,.000,5.30,16,0,6,0,0,0,18.2,16,11,11,2,9,0,11,2,0,1,83,74,1.339,7.7,1.0,4.3,5.3,1.22
239,Mike McClendon,27,MIL,0,0,,6.43,9,0,3,0,0,0,14.0,20,11,10,1,5,0,4,3,0,1,69,66,1.786,12.9,0.6,3.2,2.6,0.80
240,Daniel McCutchen,29,PIT,0,1,.000,inf,1,0,1,0,0,0,0.0,1,2,2,1,1,0,0,0,0,0,2,8,,,,,,0.00
241,James McDonald,27,PIT,12,8,.600,4.21,30,29,0,1,0,0,171.0,147,85,80,21,69,6,151,4,0,3,713,88,1.263,7.7,1.1,3.6,7.9,2.19
242,Collin McHugh,25,NYM,0,4,.000,7.59,8,4,1,0,0,0,21.1,27,21,18,5,8,2,17,2,0,0,99,51,1.641,11.4,2.1,3.4,7.2,2.13
243,Kyle McPherson,24,PIT,0,2,.000,2.73,10,3,2,0,0,0,26.1,24,8,8,3,7,0,21,2,1,0,107,138,1.177,8.2,1.0,2.4,7.2,3.00
244,Kris Medlen,26,ATL,10,1,.909,1.57,50,12,7,2,1,1,138.0,103,26,24,6,23,0,120,0,0,3,520,256,0.913,6.7,0.4,1.5,7.8,5.22
245,Evan Meek,29,PIT,0,0,,6.75,12,0,5,0,0,0,12.0,14,9,9,1,6,0,8,1,0,1,57,57,1.667,10.5,0.8,4.5,6.0,1.33
246,Jenrry Mejia,22,NYM,1,2,.333,5.63,5,3,1,0,0,0,16.0,20,10,10,2,9,0,8,0,0,1,74,70,1.813,11.3,1.1,5.1,4.5,0.89
247,Jose Mijares,27,SFG,1,0,1.000,2.55,27,0,3,0,0,0,17.2,14,5,5,0,8,2,20,0,0,2,74,140,1.245,7.1,0.0,4.1,10.2,2.50
248,Miles Mikolas,23,SDP,2,1,.667,3.62,25,0,9,0,0,0,32.1,32,15,13,4,15,0,23,2,0,2,144,102,1.454,8.9,1.1,4.2,6.4,1.53
249,Wade Miley,25,ARI,16,11,.593,3.33,32,29,0,0,0,0,194.2,193,79,72,14,37,0,144,2,1,6,807,125,1.182,8.9,0.6,1.7,6.7,3.89
250,Shelby Miller,21,STL,1,0,1.000,1.32,6,1,1,0,0,0,13.2,9,2,2,0,4,0,16,1,0,0,54,300,0.951,5.9,0.0,2.6,10.5,4.00
251,Mike Minor,24,ATL,11,10,.524,4.12,30,30,0,0,0,0,179.1,151,88,82,26,56,7,145,5,0,3,728,97,1.154,7.6,1.3,2.8,7.3,2.59
252,Bryan Morris,25,PIT,0,0,,1.80,5,0,2,0,0,0,5.0,2,2,1,0,2,0,6,1,0,1,20,223,0.800,3.6,0.0,3.6,10.8,3.00
253,Charlie Morton,28,PIT,2,6,.250,4.65,9,9,0,0,0,0,50.1,62,30,26,5,11,1,25,2,0,4,223,81,1.450,11.1,0.9,2.0,4.5,2.27
254,Guillermo Moscoso,28,COL,3,2,.600,6.12,23,3,4,0,0,0,50.0,67,34,34,8,19,0,47,1,0,5,231,79,1.720,12.1,1.4,3.4,8.5,2.47
255,Dustin Moseley,30,SDP,0,0,,9.00,1,1,0,0,0,0,5.0,5,5,5,1,2,0,4,0,0,0,22,44,1.400,9.0,1.8,3.6,7.2,2.00
256,Guillermo Mota,38,SFG,0,1,.000,5.23,26,0,4,0,0,0,20.2,24,13,12,3,8,0,24,2,0,0,91,68,1.548,10.5,1.3,3.5,10.5,3.00
257,Jason Motte,30,STL,4,5,.444,2.75,67,0,58,0,0,42,72.0,49,23,22,9,17,1,86,2,0,0,279,140,0.917,6.1,1.1,2.1,10.8,5.06
258,Jamie Moyer,49,COL,2,5,.286,5.70,10,10,0,0,0,0,53.2,75,40,34,11,18,2,36,2,0,0,254,84,1.733,12.6,1.8,3.0,6.0,2.00
259,Peter Moylan,33,ATL,1,0,1.000,1.80,8,0,3,0,0,1,5.0,3,3,1,1,2,0,2,0,0,1,21,239,1.000,5.4,1.8,3.6,3.6,1.00
260,Edward Mujica,28,TOT,0,3,.000,3.03,70,0,16,0,0,2,65.1,56,24,22,7,12,3,47,1,0,1,258,130,1.041,7.7,1.0,1.7,6.5,3.92
261,Edward Mujica,28,MIA,0,3,.000,4.38,41,0,14,0,0,2,39.0,36,21,19,6,9,2,26,1,0,0,161,91,1.154,8.3,1.4,2.1,6.0,2.89
262,Edward Mujica,28,STL,0,0,,1.03,29,0,2,0,0,0,26.1,20,3,3,1,3,1,21,0,0,1,97,379,0.873,6.8,0.3,1.0,7.2,7.00
263,Brett Myers,31,HOU,0,4,.000,3.52,35,0,29,0,0,19,30.2,35,17,12,4,6,1,20,2,0,1,134,115,1.337,10.3,1.2,1.8,5.9,3.33
264,Chris Narveson,30,MIL,1,1,.500,7.00,2,2,0,0,0,0,9.0,10,8,7,2,4,0,5,0,0,0,41,61,1.556,10.0,2.0,4.0,5.0,1.25
265,Juan Nicasio,25,COL,2,3,.400,5.28,11,11,0,0,0,0,58.0,72,37,34,7,22,1,54,1,0,4,257,91,1.621,11.2,1.1,3.4,8.4,2.45
266,Jonathon Niese,25,NYM,13,9,.591,3.40,30,30,0,0,0,0,190.1,174,77,72,22,49,2,155,4,0,6,788,113,1.172,8.2,1.0,2.3,7.3,3.16
267,Ricky Nolasco,29,MIA,12,13,.480,4.48,31,31,0,3,2,0,191.0,214,100,95,18,47,9,125,8,1,8,832,88,1.366,10.1,0.8,2.2,5.9,2.66
268,Bud Norris,27,HOU,7,13,.350,4.65,29,29,0,0,0,0,168.1,165,90,87,23,66,2,165,8,0,8,733,86,1.372,8.8,1.2,3.5,8.8,2.50
269,Eric O'Flaherty,27,ATL,3,0,1.000,1.73,64,0,7,0,0,0,57.1,47,14,11,3,19,2,46,2,0,1,230,233,1.151,7.4,0.5,3.0,7.2,2.42
270,Ross Ohlendorf,29,SDP,4,4,.500,7.77,13,9,2,0,0,0,48.2,62,44,42,7,24,0,39,1,1,2,233,47,1.767,11.5,1.3,4.4,7.2,1.63
271,Garrett Olson,28,NYM,0,0,,108.00,1,0,0,0,0,0,0.1,3,4,4,0,1,0,0,0,0,0,5,8,12.000,81.0,0.0,27.0,0.0,0.00
272,Logan Ondrusek,27,CIN,5,2,.714,3.46,63,0,20,0,0,2,54.2,51,23,21,8,31,4,39,3,0,5,243,123,1.500,8.4,1.3,5.1,6.4,1.26
273,Dan Otero,27,SFG,0,0,,5.84,12,0,4,0,0,0,12.1,19,11,8,0,2,1,8,2,0,1,57,62,1.703,13.9,0.0,1.5,5.8,4.00
274,Adam Ottavino,26,COL,5,1,.833,4.56,53,0,6,0,0,0,79.0,76,42,40,9,34,7,81,1,0,8,339,105,1.392,8.7,1.0,3.9,9.2,2.38
275,Josh Outman,27,COL,1,3,.250,8.19,27,7,3,0,0,0,40.2,47,37,37,7,20,0,40,0,0,5,185,59,1.648,10.4,1.5,4.4,8.9,2.00
276,Micah Owings,29,SDP,0,2,.000,2.79,6,0,3,0,0,0,9.2,8,4,3,1,5,0,7,1,0,0,41,136,1.345,7.4,0.9,4.7,6.5,1.40
277,Matt Palmer,33,SDP,0,0,,9.00,3,0,1,0,0,0,2.0,2,2,2,1,2,0,2,0,0,0,10,49,2.000,9.0,4.5,9.0,9.0,1.00
278,Jonathan Papelbon,31,PHI,5,6,.455,2.44,70,0,64,0,0,38,70.0,56,22,19,8,18,1,92,4,0,0,284,164,1.057,7.2,1.0,2.3,11.8,5.11
279,Blake Parker,27,CHC,0,0,,6.00,7,0,0,0,0,0,6.0,10,7,4,3,5,1,6,0,0,0,32,69,2.500,15.0,4.5,7.5,9.0,1.20
280,Bobby Parnell,27,NYM,5,4,.556,2.49,74,0,23,0,0,7,68.2,65,24,19,4,20,2,61,1,0,1,288,155,1.238,8.5,0.5,2.6,8.0,3.05
281,Manny Parra,29,MIL,2,3,.400,5.06,62,0,8,0,0,0,58.2,62,39,33,3,35,2,61,3,0,6,273,82,1.653,9.5,0.5,5.4,9.4,1.74
282,Joe Paterson,26,ARI,0,0,,37.13,6,0,0,0,0,0,2.2,15,11,11,2,3,0,0,0,0,0,26,13,6.750,50.6,6.8,10.1,0.0,0.00
283,Mike Pelfrey,28,NYM,0,0,,2.29,3,3,0,0,0,0,19.2,24,5,5,0,4,0,13,0,0,1,85,171,1.424,11.0,0.0,1.8,5.9,3.25
284,Brad Penny,34,SFG,0,1,.000,6.11,22,0,8,0,0,0,28.0,42,22,19,4,9,2,10,1,0,2,133,58,1.821,13.5,1.3,2.9,3.2,1.11
285,Wily Peralta,23,MIL,2,1,.667,2.48,6,5,1,0,0,0,29.0,24,8,8,0,11,0,23,0,0,1,113,168,1.207,7.4,0.0,3.4,7.1,2.09
286,Juan Perez,33,MIL,0,1,.000,5.14,10,0,5,0,0,0,7.0,6,4,4,2,8,1,10,1,0,0,35,84,2.000,7.7,2.6,10.3,12.9,1.25
287,Ryan Perry,25,WSN,1,0,1.000,10.13,7,0,4,0,0,0,8.0,12,9,9,2,2,0,3,0,0,0,35,41,1.750,13.5,2.3,2.3,3.4,1.50
288,Yusmeiro Petit,27,SFG,0,0,,3.86,1,1,0,0,0,0,4.2,7,2,2,0,4,0,1,0,0,1,22,99,2.357,13.5,0.0,7.7,1.9,0.25
289,Drew Pomeranz,23,COL,2,9,.182,4.93,22,22,0,0,0,0,96.2,97,57,53,14,46,2,83,4,1,8,434,97,1.479,9.0,1.3,4.3,7.7,1.80
290,Zach Putnam,24,COL,0,0,,0.00,2,0,0,0,0,0,2.0,3,0,0,0,1,0,0,0,0,0,9,,2.000,13.5,0.0,4.5,0.0,0.00
291,J.J. Putz,35,ARI,1,5,.167,2.82,57,0,52,0,0,32,54.1,45,18,17,4,11,1,65,2,0,3,218,148,1.031,7.5,0.7,1.8,10.8,5.91
292,Chad Qualls,33,TOT,1,1,.500,5.20,52,0,11,0,0,0,45.0,53,29,26,7,11,3,25,0,0,2,198,76,1.422,10.6,1.4,2.2,5.0,2.27
293,Chad Qualls,33,PHI,1,1,.500,4.60,35,0,6,0,0,0,31.1,39,18,16,7,9,3,19,0,0,2,140,88,1.532,11.2,2.0,2.6,5.5,2.11
294,Chad Qualls,33,PIT,0,0,,6.59,17,0,5,0,0,0,13.2,14,11,10,0,2,0,6,0,0,0,58,58,1.171,9.2,0.0,1.3,4.0,3.00
295,Brooks Raley,24,CHC,1,2,.333,8.14,5,5,0,0,0,0,24.1,33,23,22,7,11,0,16,0,0,0,116,49,1.808,12.2,2.6,4.1,5.9,1.45
296,Elvin Ramirez,24,NYM,0,1,.000,5.48,20,0,7,0,0,0,21.1,24,13,13,1,20,1,22,0,0,1,102,71,2.063,10.1,0.4,8.4,9.3,1.10
297,Ramon Ramirez,30,NYM,3,4,.429,4.24,58,0,18,0,0,1,63.2,58,33,30,4,35,4,52,0,0,4,277,91,1.461,8.2,0.6,4.9,7.4,1.49
298,A.J. Ramos,25,MIA,0,0,,3.86,11,0,4,0,0,0,9.1,8,4,4,2,4,0,13,1,0,0,40,107,1.286,7.7,1.9,3.9,12.5,3.25
299,Jon Rauch,33,NYM,3,7,.300,3.59,73,0,22,0,0,4,57.2,45,28,23,7,12,2,42,1,0,1,233,108,0.988,7.0,1.1,1.9,6.6,3.50
300,Todd Redmond,27,CIN,0,1,.000,10.80,1,1,0,0,0,0,3.1,7,4,4,1,5,0,2,0,0,0,22,43,3.600,18.9,2.7,13.5,5.4,0.40
301,Chris Resop,29,PIT,1,4,.200,3.91,61,0,13,0,0,1,73.2,81,35,32,6,24,6,46,2,0,2,330,96,1.425,9.9,0.7,2.9,5.6,1.92
302,Matt Reynolds,27,COL,3,1,.750,4.40,71,0,16,0,0,0,57.1,65,31,28,11,17,4,51,0,1,5,249,109,1.430,10.2,1.7,2.7,8.0,3.00
303,Clayton Richard,28,SDP,14,14,.500,3.99,33,33,0,1,1,0,218.2,228,110,97,31,42,4,107,6,2,4,910,91,1.235,9.4,1.3,1.7,4.4,2.55
304,Aneury Rodriguez,24,HOU,0,0,,3.00,1,1,0,0,0,0,6.0,2,2,2,2,2,0,6,0,0,0,22,142,0.667,3.0,3.0,3.0,9.0,3.00
305,Fernando Rodriguez,28,HOU,2,10,.167,5.37,71,0,9,0,0,0,70.1,68,45,42,10,34,7,78,1,0,10,309,75,1.450,8.7,1.3,4.4,10.0,2.29
306,Francisco Rodriguez,30,MIL,2,7,.222,4.38,78,0,13,0,0,3,72.0,65,37,35,8,31,1,72,0,0,6,305,94,1.333,8.1,1.0,3.9,9.0,2.32
307,Henry Rodriguez,25,WSN,1,3,.250,5.83,35,0,20,0,0,9,29.1,19,20,19,4,22,0,31,1,1,10,131,69,1.398,5.8,1.2,6.8,9.5,1.41
308,Paco Rodriguez,21,LAD,0,1,.000,1.35,11,0,2,0,0,0,6.2,3,1,1,0,4,1,6,0,0,0,26,298,1.050,4.1,0.0,5.4,8.1,1.50
309,Wandy Rodriguez,33,TOT,12,13,.480,3.76,34,33,1,0,0,0,205.2,205,99,86,21,56,4,139,3,0,5,875,104,1.269,9.0,0.9,2.5,6.1,2.48
310,Wandy Rodriguez,33,HOU,7,9,.438,3.79,21,21,0,0,0,0,130.2,134,66,55,13,32,2,89,2,0,5,558,106,1.270,9.2,0.9,2.2,6.1,2.78
311,Wandy Rodriguez,33,PIT,5,4,.556,3.72,13,12,1,0,0,0,75.0,71,33,31,8,24,2,50,1,0,0,317,100,1.267,8.5,1.0,2.9,6.0,2.08
312,Josh Roenicke,29,COL,4,2,.667,3.25,63,0,14,0,0,1,88.2,85,40,32,9,43,3,54,2,0,8,383,148,1.444,8.6,0.9,4.4,5.5,1.26
313,Esmil Rogers,26,COL,0,2,.000,8.06,23,0,6,0,0,0,25.2,36,23,23,2,18,2,29,2,0,5,131,60,2.104,12.6,0.7,6.3,10.2,1.61
314,Mark Rogers,26,MIL,3,1,.750,3.92,7,7,0,0,0,0,39.0,36,17,17,5,14,0,41,1,0,1,165,106,1.282,8.3,1.2,3.2,9.5,2.93
315,J.C. Romero,36,STL,0,0,,10.13,11,0,2,0,0,0,8.0,14,9,9,3,2,0,5,1,0,0,41,40,2.000,15.8,3.4,2.3,5.6,2.50
316,Sergio Romo,29,SFG,4,2,.667,1.79,69,0,27,0,0,14,55.1,37,11,11,5,10,1,63,3,0,2,215,196,0.849,6.0,0.8,1.6,10.2,6.30
317,Sandy Rosario,26,MIA,0,0,,18.00,4,0,1,0,0,0,3.0,8,6,6,0,0,0,2,0,0,0,17,25,2.667,24.0,0.0,0.0,6.0,
318,B.J. Rosenberg,26,PHI,1,2,.333,6.12,22,1,3,0,0,0,25.0,18,17,17,4,14,0,24,2,0,0,106,66,1.280,6.5,1.4,5.0,8.6,1.71
319,Trevor Rosenthal,22,STL,0,2,.000,2.78,19,0,7,0,0,0,22.2,14,7,7,2,7,0,25,1,0,1,89,140,0.926,5.6,0.8,2.8,9.9,3.57
320,Dan Runzler,27,SFG,0,0,,0.00,6,0,0,0,0,0,3.2,1,0,0,0,3,1,5,1,0,1,15,,1.091,2.5,0.0,7.4,12.3,1.67
321,Chris Rusin,25,CHC,2,3,.400,6.37,7,7,0,0,0,0,29.2,38,22,21,4,11,0,21,3,0,0,135,62,1.652,11.5,1.2,3.3,6.4,1.91
322,James Russell,26,CHC,7,1,.875,3.25,77,0,19,0,0,2,69.1,67,28,25,5,23,7,55,1,1,1,292,121,1.298,8.7,0.6,3.0,7.1,2.39
323,Marc Rzepczynski,26,STL,1,3,.250,4.24,70,0,14,0,0,0,46.2,46,22,22,7,17,2,33,0,0,3,196,91,1.350,8.9,1.4,3.3,6.4,1.94
324,Takashi Saito,42,ARI,0,0,,6.75,16,0,2,0,0,0,12.0,17,14,9,4,5,1,11,1,0,1,60,63,1.833,12.8,3.0,3.8,8.3,2.20
325,Fernando Salas,27,STL,1,4,.200,4.30,65,0,23,0,0,0,58.2,56,28,28,5,27,5,60,1,0,4,256,90,1.415,8.6,0.8,4.1,9.2,2.22
326,Jeff Samardzija,27,CHC,9,13,.409,3.81,28,28,0,1,0,0,174.2,157,79,74,20,56,2,180,4,0,10,723,103,1.219,8.1,1.0,2.9,9.3,3.21
327,Brian Sanches,33,PHI,0,1,.000,9.95,6,0,3,0,0,0,6.1,12,7,7,4,3,1,5,0,0,0,34,43,2.368,17.1,5.7,4.3,7.1,1.67
328,Anibal Sanchez,28,MIA,5,7,.417,3.94,19,19,0,0,0,0,121.0,119,59,53,12,33,2,110,2,1,4,504,101,1.256,8.9,0.9,2.5,8.2,3.33
329,Eduardo Sanchez,23,STL,0,1,.000,6.60,17,0,4,0,0,0,15.0,11,11,11,2,13,4,13,1,0,4,70,60,1.600,6.6,1.2,7.8,7.8,1.00
330,Jonathan Sanchez,29,COL,0,3,.000,9.53,3,3,0,0,0,0,11.1,17,13,12,3,9,1,9,0,0,2,57,52,2.294,13.5,2.4,7.1,7.1,1.00
331,Johan Santana,33,NYM,6,9,.400,4.85,21,21,0,2,2,0,117.0,117,65,63,17,39,1,111,0,0,1,499,79,1.333,9.0,1.3,3.0,8.5,2.85
332,Joe Saunders,31,ARI,6,10,.375,4.22,21,21,0,1,1,0,130.0,146,68,61,17,31,1,89,2,0,2,561,99,1.362,10.1,1.2,2.1,6.2,2.87
333,Joe Savery,26,PHI,1,2,.333,5.40,19,0,8,0,0,0,25.0,26,17,15,4,8,1,16,1,1,0,108,75,1.360,9.4,1.4,2.9,5.8,2.00
334,Rob Scahill,25,COL,0,0,,1.04,6,0,3,0,0,0,8.2,7,1,1,0,3,0,4,0,0,0,33,477,1.154,7.3,0.0,3.1,4.2,1.33
335,Michael Schwimer,26,PHI,2,1,.667,4.46,35,0,16,0,0,0,34.1,30,18,17,3,16,2,36,2,0,1,147,91,1.340,7.9,0.8,4.2,9.4,2.25
336,Chris Schwinden,25,NYM,0,1,.000,12.46,3,2,1,0,0,0,8.2,15,13,12,4,3,0,1,0,0,0,46,32,2.077,15.6,4.2,3.1,1.0,0.33
337,Bryan Shaw,24,ARI,1,6,.143,3.49,64,0,19,0,0,2,59.1,60,29,23,4,24,3,41,2,1,4,252,120,1.416,9.1,0.6,3.6,6.2,1.71
338,Ben Sheets,33,ATL,4,4,.500,3.47,9,9,0,0,0,0,49.1,52,21,19,6,13,1,35,1,0,1,207,116,1.318,9.5,1.1,2.4,6.4,2.69
339,Alfredo Simon,31,CIN,3,2,.600,2.66,36,0,13,0,0,1,61.0,65,22,18,2,22,1,52,6,0,9,269,160,1.426,9.6,0.3,3.2,7.7,2.36
340,Tyler Skaggs,20,ARI,1,3,.250,5.83,6,6,0,0,0,0,29.1,30,20,19,6,13,0,21,2,0,1,133,72,1.466,9.2,1.8,4.0,6.4,1.62
341,Doug Slaten,32,PIT,0,0,,2.77,10,0,4,0,0,0,13.0,9,4,4,1,8,0,6,0,0,1,55,138,1.308,6.2,0.7,5.5,4.2,0.75
342,Miguel Socolovich,25,CHC,0,0,,4.50,6,0,1,0,0,0,6.0,4,3,3,1,3,0,6,0,0,0,25,93,1.167,6.0,1.5,4.5,9.0,2.00
343,Josh Spence,24,SDP,0,1,.000,4.35,11,0,3,0,0,0,10.1,13,5,5,1,5,1,10,0,0,0,48,87,1.742,11.3,0.9,4.4,8.7,2.00
344,Craig Stammen,28,WSN,6,1,.857,2.34,59,0,15,0,0,1,88.1,70,27,23,7,36,4,87,2,0,3,370,169,1.200,7.1,0.7,3.7,8.9,2.42
345,Tim Stauffer,30,SDP,0,0,,5.40,1,1,0,0,0,0,5.0,7,4,3,1,3,0,5,0,0,0,24,73,2.000,12.6,1.8,5.4,9.0,1.67
346,Josh Stinson,24,MIL,0,0,,0.96,6,1,2,0,0,0,9.1,7,1,1,1,5,0,3,0,0,0,38,443,1.286,6.8,1.0,4.8,2.9,0.60
347,Drew Storen,24,WSN,3,1,.750,2.37,37,0,17,0,0,4,30.1,22,8,8,0,8,0,24,1,0,1,116,169,0.989,6.5,0.0,2.4,7.1,3.00
348,Mickey Storey,26,HOU,0,1,.000,3.86,26,0,3,0,0,0,30.1,27,14,13,2,10,0,34,1,0,0,127,105,1.220,8.0,0.6,3.0,10.1,3.40
349,Stephen Strasburg,23,WSN,15,6,.714,3.16,28,28,0,0,0,0,159.1,136,62,56,15,48,1,197,4,0,5,653,125,1.155,7.7,0.8,2.7,11.1,4.10
350,Huston Street,28,SDP,2,1,.667,1.85,40,0,36,0,0,23,39.0,17,8,8,2,11,1,47,0,0,1,144,199,0.718,3.9,0.5,2.5,10.8,4.27
351,Eric Stults,32,SDP,8,3,.727,2.92,18,14,1,0,0,0,92.1,86,36,30,7,23,0,51,1,1,1,383,125,1.181,8.4,0.7,2.2,5.0,2.22
352,Michael Stutes,25,PHI,0,0,,6.35,6,0,4,0,0,0,5.2,7,6,4,0,4,0,5,0,0,1,29,67,1.941,11.1,0.0,6.4,7.9,1.25
353,Jeff Suppan,37,SDP,2,3,.400,5.28,6,6,0,0,0,0,30.2,34,19,18,4,13,3,7,0,0,0,137,70,1.533,10.0,1.2,3.8,2.1,0.54
354,Hisanori Takahashi,37,PIT,0,0,,8.64,9,0,2,0,0,0,8.1,10,8,8,2,4,0,11,0,0,0,39,45,1.680,10.8,2.2,4.3,11.9,2.75
355,Julio Teheran,21,ATL,0,0,,5.68,2,1,0,0,0,0,6.1,5,4,4,0,1,0,5,0,0,0,24,74,0.947,7.1,0.0,1.4,7.1,5.00
356,Joe Thatcher,30,SDP,1,4,.200,3.41,55,0,13,0,0,1,31.2,30,13,12,2,14,3,39,3,1,0,141,108,1.389,8.5,0.6,4.0,11.1,2.79
357,Dale Thayer,31,SDP,2,2,.500,3.43,64,0,21,0,0,7,57.2,53,24,22,4,12,4,47,1,0,2,235,107,1.127,8.3,0.6,1.9,7.3,3.92
358,Tyler Thornburg,23,MIL,0,0,,4.50,8,3,3,0,0,0,22.0,24,11,11,8,7,0,20,1,0,1,95,93,1.409,9.8,3.3,2.9,8.2,2.86
359,Shawn Tolleson,24,LAD,3,1,.750,4.30,40,0,12,0,0,0,37.2,30,19,18,4,20,1,39,1,0,0,160,89,1.327,7.2,1.0,4.8,9.3,1.95
360,Carlos Torres,29,COL,5,3,.625,5.26,31,0,9,0,0,0,53.0,49,31,31,2,26,1,42,4,0,6,231,91,1.415,8.3,0.3,4.4,7.1,1.62
361,Jacob Turner,21,MIA,1,4,.200,3.38,7,7,0,0,0,0,42.2,33,21,16,5,9,2,29,0,0,4,170,118,0.984,7.0,1.1,1.9,6.1,3.22
362,Raul Valdes,34,PHI,3,2,.600,2.90,27,1,7,0,0,0,31.0,18,10,10,3,5,1,35,0,0,0,113,139,0.742,5.2,0.9,1.5,10.2,7.00
363,Jose Valdez,29,HOU,0,0,,2.25,12,0,3,0,0,0,12.0,12,4,3,1,8,1,10,0,0,1,57,183,1.667,9.0,0.8,6.0,7.5,1.25
364,Anthony Varvaro,27,ATL,1,1,.500,5.40,12,0,5,0,0,0,16.2,16,11,10,2,9,1,21,2,0,3,76,76,1.500,8.6,1.1,4.9,11.3,2.33
365,Jonny Venters,27,ATL,5,4,.556,3.22,66,0,12,0,0,0,58.2,61,23,21,6,28,3,69,5,0,9,262,125,1.517,9.4,0.9,4.3,10.6,2.46
366,Jose Veras,31,MIL,5,4,.556,3.63,72,0,17,0,0,1,67.0,61,29,27,5,40,1,79,2,0,1,300,114,1.507,8.2,0.7,5.4,10.6,1.98
367,Pedro Villarreal,24,CIN,0,0,,0.00,1,0,1,0,0,0,1.0,0,0,0,0,0,0,1,0,0,0,3,,0.000,0.0,0.0,0.0,9.0,
368,Nick Vincent,25,SDP,2,0,1.000,1.71,27,0,3,0,0,0,26.1,19,5,5,2,7,0,28,1,0,1,105,216,0.987,6.5,0.7,2.4,9.6,4.00
369,Ryan Vogelsong,34,SFG,14,9,.609,3.37,31,31,0,0,0,0,189.2,171,76,71,17,62,7,158,8,0,3,788,103,1.228,8.1,0.8,2.9,7.5,2.55
370,Edinson Volquez,28,SDP,11,11,.500,4.14,32,32,0,1,1,0,182.2,160,88,84,14,105,6,174,9,1,9,802,88,1.451,7.9,0.7,5.2,8.6,1.66
371,Chris Volstad,25,CHC,3,12,.200,6.31,21,21,0,0,0,0,111.1,137,81,78,16,43,4,61,3,1,2,507,62,1.617,11.1,1.3,3.5,4.9,1.42
372,Adam Wainwright,30,STL,14,13,.519,3.94,32,32,0,3,2,0,198.2,196,96,87,15,52,3,184,6,2,5,831,97,1.248,8.9,0.7,2.4,8.3,3.54
373,Josh Wall,25,LAD,1,0,1.000,4.76,7,0,6,0,0,0,5.2,3,3,3,1,1,0,4,1,0,2,21,85,0.706,4.8,1.6,1.6,6.4,4.00
374,Chien-Ming Wang,32,WSN,2,3,.400,6.68,10,5,0,0,0,0,32.1,50,24,24,5,15,0,15,3,0,5,158,60,2.010,13.9,1.4,4.2,4.2,1.00
375,Tony Watson,27,PIT,5,2,.714,3.38,68,0,10,0,0,0,53.1,37,21,20,5,23,1,53,1,0,1,215,111,1.125,6.2,0.8,3.9,8.9,2.30
376,Ryan Webb,26,MIA,4,3,.571,4.03,65,0,21,0,0,0,60.1,72,30,27,2,20,8,44,4,0,0,270,99,1.525,10.7,0.3,3.0,6.6,2.20
377,Kyle Weiland,25,HOU,0,3,.000,6.62,3,3,0,0,0,0,17.2,24,13,13,5,7,0,13,0,1,1,79,62,1.755,12.2,2.5,3.6,6.6,1.86
378,Kip Wells,35,SDP,2,4,.333,4.58,7,7,0,0,0,0,37.1,41,23,19,6,20,1,19,1,0,4,169,80,1.634,9.9,1.4,4.8,4.6,0.95
379,Randy Wells,29,CHC,1,2,.333,5.34,12,4,2,0,0,0,28.2,35,18,17,1,24,1,14,2,0,1,143,74,2.058,11.0,0.3,7.5,4.4,0.58
380,Andrew Werner,25,SDP,2,3,.400,5.58,8,8,0,0,0,0,40.1,45,26,25,5,14,1,35,1,1,1,177,66,1.463,10.0,1.1,3.1,7.8,2.50
381,Jake Westbrook,34,STL,13,11,.542,3.97,28,28,0,1,0,0,174.2,191,85,77,12,52,0,106,8,0,5,751,97,1.391,9.8,0.6,2.7,5.5,2.04
382,Alex White,23,COL,2,9,.182,5.51,23,20,0,0,0,0,98.0,114,66,60,13,51,9,64,5,0,6,459,87,1.684,10.5,1.2,4.7,5.9,1.25
383,Joe Wieland,22,SDP,0,4,.000,4.55,5,5,0,0,0,0,27.2,26,16,14,5,9,2,24,1,0,1,119,81,1.265,8.5,1.6,2.9,7.8,2.67
384,Brian Wilson,30,SFG,0,0,,9.00,2,0,2,0,0,1,2.0,4,2,2,0,2,0,2,0,0,1,12,47,3.000,18.0,0.0,9.0,9.0,1.00
385,Justin Wilson,24,PIT,0,0,,1.93,8,0,3,0,0,0,4.2,10,1,1,0,3,0,7,0,0,1,26,210,2.786,19.3,0.0,5.8,13.5,2.33
386,Randy Wolf,35,MIL,3,10,.231,5.69,25,24,0,0,0,0,142.1,179,94,90,21,45,1,96,6,2,2,633,72,1.574,11.3,1.3,2.8,6.1,2.13
387,Kerry Wood,35,CHC,0,2,.000,8.31,10,0,0,0,0,0,8.2,8,8,8,1,11,0,6,0,0,1,42,49,2.192,8.3,1.0,11.4,6.2,0.55
388,Travis Wood,25,CHC,6,13,.316,4.27,26,26,0,0,0,0,156.0,133,80,74,25,54,3,119,8,1,2,649,92,1.199,7.7,1.4,3.1,6.9,2.20
389,Vance Worley,24,PHI,6,9,.400,4.20,23,23,0,0,0,0,133.0,154,69,62,12,47,4,107,6,0,1,590,95,1.511,10.4,0.8,3.2,7.2,2.28
390,Jamey Wright,37,LAD,5,3,.625,3.72,66,0,22,0,0,0,67.2,72,35,28,2,30,7,54,4,0,2,306,102,1.507,9.6,0.3,4.0,7.2,1.80
391,Wesley Wright,27,HOU,2,2,.500,3.27,77,0,13,0,0,1,52.1,45,20,19,4,17,0,54,6,0,1,223,123,1.185,7.7,0.7,2.9,9.3,3.18
392,Chris Young,33,NYM,4,9,.308,4.15,20,20,0,0,0,0,115.0,119,58,53,16,36,5,80,2,0,3,493,93,1.348,9.3,1.3,2.8,6.3,2.22
,LgAvg per 180 IP,,,10,10,.491,3.96,82,20,20,0,0,5,180,175,86,79,20,61,5,153,6,1,6,766,100,1.313,8.7,1.0,3.1,7.7,2.49
393,Mike Zagurski,29,ARI,0,0,,5.54,45,0,13,0,0,0,37.1,37,24,23,5,19,0,34,1,0,5,163,76,1.500,8.9,1.2,4.6,8.2,1.79
394,Carlos Zambrano,31,MIA,7,10,.412,4.49,35,20,5,1,1,0,132.1,123,75,66,9,75,1,95,10,0,1,591,88,1.496,8.4,0.6,5.1,6.5,1.27
395,Brad Ziegler,32,ARI,6,1,.857,2.49,77,0,15,0,0,0,68.2,54,21,19,2,21,2,42,1,0,1,263,167,1.092,7.1,0.3,2.8,5.5,2.00
396,Jordan Zimmermann,26,WSN,12,8,.600,2.94,32,32,0,0,0,0,195.2,186,69,64,18,43,2,153,8,0,3,805,134,1.170,8.6,0.8,2.0,7.0,3.56
397,Barry Zito,34,SFG,15,8,.652,4.15,32,32,0,1,1,0,184.1,186,91,85,20,70,6,114,5,0,1,799,84,1.389,9.1,1.0,3.4,5.6,1.63
398,Rick van den Hurk,27,PIT,0,1,.000,13.50,4,0,3,0,0,0,2.2,5,4,4,0,1,0,3,1,0,2,16,32,2.250,16.9,0.0,3.4,10.1,3.00
